file_name
position_num 5
robot_num 12
position_x
35.85427891305221 71.21987515579335 -42.38433522457665 -33.48241840849428 -57.93886169729139 
position_y
-21.536741092672557 -23.019259501688154 -11.602448167808262 -20.787932447003925 40.36226666427228 
distance
0.0 41.82535753903069 74.8475579108153 43.94369893302072 39.410791388941625 70.6117855960015 
41.82535753903069 0.0 35.396656034682934 78.86679223915341 69.340740620847 112.37722361246519 
74.8475579108153 35.396656034682934 0.0 114.17644326734292 104.72606694633018 143.87215562648223 
43.94369893302072 78.86679223915341 114.17644326734292 0.0 12.791295651488975 54.24274035638166 
39.410791388941625 69.340740620847 104.72606694633018 12.791295651488975 0.0 65.85942961859656 
70.6117855960015 112.37722361246519 143.87215562648223 54.24274035638166 65.85942961859656 0.0 
lay
0 1 2 3 
4 
0 1 2 3 4 
0 1 2 
3 4 
0 
1 
2 3 4 
0 1 2 3 
4 
edge
3 4 1 4 

2 4 1 3 0 4 
0 1 1 2 1 4 1 3 
0 4 
demand 
0.10385140364436217 0.0 0.09633601275440556 0.0 0.0 0.0 0.0 0.0 0.0 0.09009482905738775 0.0 0.0 0.0 0.0 0.0956072351999767 0.09395456213143333 0.0 0.09831288179198727 0.0 0.0 0.09748557801368525 0.09414342313849133 0.0 0.0 0.0 
0.0 0.0 0.0 0.10772223489749161 0.09213849027101562 0.10677113978169289 0.10712048666249921 0.0 0.0 0.0 0.0 0.0 0.0 0.0913967408653784 0.0 0.0 0.10987431451690316 0.09164738822827974 0.0 0.0 0.0 0.0 0.0 0.09664579358259859 0.10897990139969654 
0.0 0.0 0.0 0.09827173774640496 0.09514081223832652 0.0 0.0 0.0 0.0 0.09055892881219502 0.0 0.0 0.0 0.09977773290430675 0.10522019560569121 0.0 0.09857601494821203 0.09615379998916646 0.0 0.0 0.0 0.0 0.0 0.1021062895648913 0.0 
0.0 0.0 0.0 0.09506526788399451 0.09618648478680009 0.0 0.0 0.0 0.09832515569770207 0.10325156773310994 0.09176298533517802 0.09729653736879583 0.10071039139622087 0.0 0.0 0.09786680103855534 0.0972210791727645 0.0 0.0 0.0 0.09566157429072315 0.1074545614084097 0.1037414723955818 0.0 0.0 
0.10623626841113572 0.09727017666648168 0.09772070552592582 0.0 0.0 0.10484162538130924 0.0 0.09848758097310853 0.0 0.0 0.0 0.0 0.0 0.09223173585145782 0.0 0.0 0.10858079968212304 0.10891233166369448 0.0 0.0 0.10216690508268818 0.10246356552573975 0.10839752241794123 0.0 0.0 
rate 
0.1048190422325752 0.0 0.09022120695383878 0.0 0.0 0.0 0.0 0.0 0.0 0.09798202269044227 0.0 0.0 0.0 0.0 0.10355564505591248 0.09406285397384606 0.0 0.10803277385690911 0.0 0.0 0.09981912772921438 0.1085123234982292 0.0 0.0 0.0 
0.0 0.0 0.0 0.1064464843242452 0.09271022399722002 0.1020987248418443 0.09736145174941058 0.0 0.0 0.0 0.0 0.0 0.0 0.10121403757976916 0.0 0.0 0.10987070001426105 0.10311151073269205 0.0 0.0 0.0 0.0 0.0 0.10343113015062254 0.10368266198342864 
0.0 0.0 0.0 0.09545906617160221 0.10302635181975145 0.0 0.0 0.0 0.0 0.10176854591801697 0.0 0.0 0.0 0.0909355130899806 0.09563241355330639 0.0 0.10575822013069276 0.09338890231467595 0.0 0.0 0.0 0.0 0.0 0.09896935496252462 0.0 
0.0 0.0 0.0 0.09147891346823495 0.10673448802303259 0.0 0.0 0.0 0.09230526967261514 0.10544788238851333 0.09591279165577161 0.10790504537929482 0.0914144905355066 0.0 0.0 0.09986812530884502 0.10168777352356635 0.0 0.0 0.0 0.10132453244379765 0.10408353370016157 0.09209370567146064 0.0 0.0 
0.09929532423373931 0.10202441752995872 0.10445311793327963 0.0 0.0 0.09703921038577847 0.0 0.10986746383202727 0.0 0.0 0.0 0.0 0.0 0.09048746835803673 0.0 0.0 0.09477761229099818 0.09818731537646724 0.0 0.0 0.10934536360150898 0.10553430998894207 0.09070513513383797 0.0 0.0 
ability 
0.0 0.0 0.0 0.1396715709970335 0.14017615097836866 
0.0 0.0 0.0 0.14512381287137413 0.16484429090320918 
0.13580110923501948 0.16137670359062142 0.0 0.0 0.0 
0.15242268466457862 0.13938009862540776 0.13885978541110416 0.0 0.0 
0.16177885327528366 0.15558152982540113 0.1380690951523569 0.0 0.0 
0.0 0.1487392799182996 0.1627282712834154 0.0 0.0 
0.16388249297626703 0.0 0.16055267400077758 0.0 0.0 
0.13707473878770712 0.13733707623758692 0.0 0.0 0.0 
0.15476005007101934 0.14579960699207767 0.14341834265922518 0.0 0.0 
0.15293228073139595 0.1399987120953869 0.13854174400000466 0.0 0.0 
0.0 0.1537522367575506 0.1359954587263285 0.0 0.0 
0.14593467079293188 0.0 0.13752724708161554 0.0 0.0 
