file_name
position_num 10
robot_num 25
position_x
4.731566079659849 2.1444487468480418 1.0833559759784208 -29.117629865109574 21.313384615866774 23.257860329545693 10.02786783261763 7.874354597789001 -1.2204173538400518 3.725820899660434 
position_y
-6.9739139322167105 28.839758623998925 9.004459906338077 -1.1737390831943486 -20.779088766880495 20.925426624748887 28.863358998155405 26.42453469211867 25.014217793834888 12.566015498478414 
distance
0.0 8.427525918094469 28.91937651330641 9.06939680329062 29.14127712364266 29.766271075930316 31.285804233492303 30.55571347432172 27.57283978894274 25.043971537177562 13.106734409621117 
8.427525918094469 0.0 35.9069953916722 16.3895658113696 34.3425405930695 21.576365731589963 33.49024906068778 36.22652265046103 33.54599067224061 32.53715842104049 19.56579580603962 
28.91937651330641 35.9069953916722 0.0 19.863660113061485 43.3373695989952 53.19283897997863 22.548010991099513 7.883454411584844 6.218128955061527 5.094809762769563 16.35039611755986 
9.06939680329062 16.3895658113696 19.863660113061485 0.0 31.869974591206006 36.00435849089222 25.175744096805403 21.78027009686846 18.696969482341835 16.174662876593416 4.4347828705355905 
29.14127712364266 34.3425405930695 43.3373695989952 31.869974591206006 0.0 54.107827139888535 56.84685653681798 49.341638107701606 46.15269905303979 38.26308340021849 35.6015886457679 
29.766271075930316 21.576365731589963 53.19283897997863 36.00435849089222 54.107827139888535 0.0 41.74982143496831 50.90909063388694 49.07942130349309 51.037233045822745 37.699050066802414 
31.285804233492303 33.49024906068778 22.548010991099513 25.175744096805403 56.84685653681798 41.74982143496831 0.0 15.42865748642921 16.336842967219905 24.81741911580123 21.24571294799511 
30.55571347432172 36.22652265046103 7.883454411584844 21.78027009686846 49.341638107701606 50.90909063388694 15.42865748642921 0.0 3.253533962985116 11.888641959731201 17.473385495995306 
27.57283978894274 33.54599067224061 6.218128955061527 18.696969482341835 46.15269905303979 49.07942130349309 16.336842967219905 3.253533962985116 0.0 9.203470573958679 14.466128925355381 
25.043971537177562 32.53715842104049 5.094809762769563 16.174662876593416 38.26308340021849 51.037233045822745 24.81741911580123 11.888641959731201 9.203470573958679 0.0 13.394887578718595 
13.106734409621117 19.56579580603962 16.35039611755986 4.4347828705355905 35.6015886457679 37.699050066802414 21.24571294799511 17.473385495995306 14.466128925355381 13.394887578718595 0.0 
lay
0 1 2 3 4 
0 1 2 
3 
4 
0 1 2 3 4 
0 1 
2 
3 
4 
0 1 2 3 4 
0 1 
2 
3 
4 
0 1 
2 3 
4 
0 1 
2 3 
4 
0 1 
2 
3 
4 
0 1 2 3 
4 
edge

0 3 3 4 

0 2 2 3 3 4 

0 2 2 3 3 4 
0 3 3 4 2 4 1 3 
1 3 3 4 0 2 2 4 
1 2 2 3 3 4 0 2 
0 4 2 4 
demand 
0.0 0.0 0.0 0.0 0.10351493831108499 0.0 0.0 0.0 0.0 0.09689961685255827 0.0 0.0 0.0 0.10619425987410153 0.09698294334497254 0.0 0.0 0.0 0.09555240410927357 0.0 0.09856948345180878 0.10728078605207539 0.10085629974718112 0.0 0.0 
0.0 0.0 0.0 0.09671085097646061 0.09149267670389125 0.0 0.0 0.0 0.09420748919646889 0.1041654978013114 0.0 0.10459475308942577 0.10219021828675252 0.0 0.0 0.0 0.09833883010516829 0.09866650485866264 0.0 0.0 0.0 0.0 0.0 0.10558809516249955 0.09646519383663678 
0.0 0.0 0.0 0.09099046873784954 0.10936060352497382 0.0 0.0 0.0 0.10640554330899232 0.1044279482583596 0.10384591534247507 0.0 0.09272464567021314 0.0 0.0 0.10634532910003819 0.09614479719016485 0.10399742790309814 0.0 0.0 0.0 0.0 0.0 0.09729663262270724 0.10171431132838292 
0.0 0.0 0.0 0.0 0.10531517188650566 0.10093611077418135 0.0 0.1060038880404211 0.0 0.0 0.0 0.0 0.0 0.09253826460344033 0.0 0.0988712976333166 0.10786489055029867 0.09879029388077093 0.0 0.0 0.09119586161918425 0.10471177885112502 0.09118368337900708 0.0 0.0 
0.0 0.0 0.0 0.0974543519740029 0.09049334716487514 0.09773163981553655 0.09989959194140176 0.09579982734347373 0.0 0.0 0.09204600290895537 0.09301180813343861 0.09570246279361024 0.0 0.0 0.10867872138469443 0.0 0.10502073795988531 0.0 0.0 0.09259654539653153 0.0 0.10214247342292014 0.0 0.0 
0.0 0.0 0.0 0.10890316778047533 0.0 0.10840672326462478 0.10042738063173723 0.10459895936127657 0.0 0.0 0.0 0.0 0.0 0.0 0.09414344025828308 0.10346211637948455 0.10665989265755943 0.10615940986151698 0.0 0.0 0.0 0.0 0.0 0.0 0.10055335412491076 
0.0 0.0 0.0 0.0926628996132513 0.0 0.0 0.0 0.0 0.10590026310174093 0.103797565294833 0.10196254691773934 0.10199684742174962 0.0 0.0 0.0 0.0 0.0 0.0 0.09547479487850512 0.0 0.0 0.09708442867704921 0.09463991412572423 0.0 0.0 
0.10503553720673456 0.09796819961745534 0.0 0.0 0.0 0.0 0.0 0.0 0.09610906460500589 0.10314217660518306 0.09518168225162905 0.0 0.10109034476047343 0.0 0.0 0.0 0.0 0.0 0.1016883263829615 0.09036349006480887 0.0926829244013453 0.10933423023655715 0.0 0.0 0.0 
0.09521007954945811 0.1053339550932666 0.0 0.0 0.0 0.10262277347199117 0.1007521597169864 0.10720883186066055 0.0 0.0 0.0 0.09735300633605276 0.0972657248073841 0.0 0.0 0.0 0.1015291082798504 0.09290896077945947 0.0 0.0 0.0 0.0 0.0 0.10640290659603907 0.09671883413329996 
0.0 0.0 0.0 0.09880505128955186 0.10534802380951612 0.10655691507117185 0.09162269435759107 0.1098989696646817 0.0 0.0 0.10615806274648115 0.09685210286780077 0.0 0.0 0.0 0.0 0.0 0.0 0.10674435998958816 0.10627521181350544 0.0 0.0 0.0 0.10005799281156105 0.0914662357651824 
rate 
0.0 0.0 0.0 0.0 0.09717049949372908 0.0 0.0 0.0 0.0 0.09486478575430006 0.0 0.0 0.0 0.10543496311792702 0.10613554869217728 0.0 0.0 0.0 0.10147858959477661 0.0 0.10961004967917252 0.09476021626374123 0.09395510953787861 0.0 0.0 
0.0 0.0 0.0 0.10345125581990314 0.10035428475930863 0.0 0.0 0.0 0.09644172449259847 0.09337941019965425 0.0 0.10132731414871304 0.10753114666617965 0.0 0.0 0.0 0.09572556108957683 0.09812211251679853 0.0 0.0 0.0 0.0 0.0 0.0994611972456496 0.09239151322352802 
0.0 0.0 0.0 0.09767319225344775 0.10113603173818966 0.0 0.0 0.0 0.10414385050112854 0.09152982952147377 0.09467765719816836 0.0 0.09028860286363277 0.0 0.0 0.1071970295680923 0.09016089056230868 0.09153037616661942 0.0 0.0 0.0 0.0 0.0 0.10844802581519553 0.1095463112022965 
0.0 0.0 0.0 0.0 0.10439544286440582 0.09124671471143858 0.0 0.10579758094996641 0.0 0.0 0.0 0.0 0.0 0.0923473539022594 0.0 0.10709642348839639 0.1039042087180465 0.10746380119758375 0.0 0.0 0.10158826522600527 0.0925038922823192 0.10400786920133583 0.0 0.0 
0.0 0.0 0.0 0.09676123837087644 0.10894146153643264 0.09605940808572447 0.09448596217772144 0.10944358137036131 0.0 0.0 0.10925437201860347 0.09496660436461044 0.09550370480359718 0.0 0.0 0.10487154012379166 0.0 0.10975194045560235 0.0 0.0 0.09580806178009092 0.0 0.10942388870339059 0.0 0.0 
0.0 0.0 0.0 0.09571146292766297 0.0 0.09993339744174728 0.09395355348442877 0.09517750074948629 0.0 0.0 0.0 0.0 0.0 0.0 0.10022900901328786 0.09676984887546228 0.09117668732436662 0.09840495260419241 0.0 0.0 0.0 0.0 0.0 0.0 0.09950605429308226 
0.0 0.0 0.0 0.10664052625560094 0.0 0.0 0.0 0.0 0.10379338389005713 0.10873900385158415 0.09677134142666778 0.10279103111861376 0.0 0.0 0.0 0.0 0.0 0.0 0.09600836329918017 0.0 0.0 0.10148260925956298 0.10856966662633463 0.0 0.0 
0.10969984756901274 0.09883950910266182 0.0 0.0 0.0 0.0 0.0 0.0 0.0904097405758465 0.1040823408083491 0.0933838224600874 0.0 0.10873689052653768 0.0 0.0 0.0 0.0 0.0 0.09635827494625834 0.1075227798147266 0.09618699118121125 0.0984719565214653 0.0 0.0 0.0 
0.09086750502799194 0.10537509596933894 0.0 0.0 0.0 0.09523549743840996 0.10938419815909116 0.10685377466205177 0.0 0.0 0.0 0.0945615180227073 0.10911753656957933 0.0 0.0 0.0 0.09864861774706853 0.10464040986899768 0.0 0.0 0.0 0.0 0.0 0.0982179339385408 0.09404200634070793 
0.0 0.0 0.0 0.10156964934490174 0.09289950610248503 0.09422998342475686 0.101314379259132 0.09694075389779781 0.0 0.0 0.0936611455154665 0.10890025531666053 0.0 0.0 0.0 0.0 0.0 0.0 0.09847297591503196 0.10348907739240228 0.0 0.0 0.0 0.10930739666607935 0.10253519300319645 
ability 
0.0 0.0 0.0 0.13951004430346542 0.14434586805690067 
0.0 0.0 0.0 0.14495079060204785 0.15843971633462475 
0.0 0.0 0.0 0.15725253547070325 0.14616840427824887 
0.0 0.0 0.0 0.0 0.1536906203465959 
0.0 0.0 0.0 0.14359223582078962 0.0 
0.0 0.0 0.0 0.16380143990742177 0.14035567858282133 
0.0 0.0 0.0 0.1356296616062599 0.16229109952989015 
0.0 0.0 0.0 0.15719289088325492 0.13519442125918843 
0.0 0.0 0.0 0.0 0.14461211137780505 
0.0 0.0 0.0 0.138962749764398 0.0 
0.0 0.0 0.0 0.1449662918228911 0.14295391247175818 
0.0 0.0 0.0 0.15254556606551276 0.15901299163983956 
0.15590651259822777 0.1479448377035564 0.0 0.0 0.0 
0.1386008501576782 0.14076914617469174 0.1359568857242572 0.0 0.0 
0.14999527911435856 0.15906812869614848 0.1605062552858094 0.0 0.0 
0.0 0.16142494268365853 0.1420636477713693 0.0 0.0 
0.13950744520725436 0.0 0.1376544357033585 0.0 0.0 
0.159128276906486 0.14654149880414097 0.0 0.0 0.0 
0.14971797228112207 0.15375123318410192 0.14628562640326845 0.0 0.0 
0.156992673463644 0.13970461221356809 0.1430034330405807 0.0 0.0 
0.0 0.1434149610674321 0.15425807211572082 0.0 0.0 
0.1424041910182159 0.0 0.1603666407477996 0.0 0.0 
0.1407188964331151 0.15748383411849573 0.0 0.0 0.0 
0.16310567602301435 0.13568942072291107 0.15988961477932567 0.0 0.0 
0.1641753222408942 0.14544859344324138 0.1528587041299618 0.0 0.0 
