file_name
position_num 10
robot_num 100
position_x
89.55715865369669 -9.2069500894318 60.17267202344982 -18.247401759919015 -19.953641308417346 28.15976900879116 13.483531521111743 -33.95022324953729 6.4639961122182115 -43.91030678642671 
position_y
-16.897843122213047 45.911666065034325 -90.83399745918189 -94.82584653956934 8.94540270447743 54.96665147869123 -69.36597295454277 -6.6014640557839215 -10.231026673290415 44.02145325492384 
distance
0.0 91.13737854638086 46.825730221925134 108.95671412472167 96.56556758458912 21.86705355118177 61.76006286758769 70.66430376230402 34.586080818346986 12.101948294731393 62.17719347762133 
91.13737854638086 0.0 117.04436603342948 79.5613158052532 133.02103954859328 112.5188369260939 94.52060642765551 92.41266900814938 123.93582535518487 83.36018295750189 146.713070317869 
46.825730221925134 117.04436603342948 0.0 153.33919413249964 141.02757609963163 38.496701144361346 38.44820486065689 117.48954001802177 58.05048149465761 58.28876823852903 34.7547963669242 
108.95671412472167 79.5613158052532 153.33919413249964 0.0 78.52160741649143 127.96935096020536 149.27375921484278 51.388246875903945 126.31009103838163 96.85794116978217 170.3504008367512 
96.56556758458912 133.02103954859328 141.02757609963163 78.52160741649143 0.0 103.7852755600087 156.81651048695997 40.682395330790925 89.61093832440368 88.13022598974342 141.19899912754843 
21.86705355118177 112.5188369260939 38.496701144361346 127.96935096020536 103.7852755600087 0.0 66.57969353406594 85.15113671842543 20.919114993130187 32.643942938448504 42.47647752630528 
61.76006286758769 94.52060642765551 38.44820486065689 149.27375921484278 156.81651048695997 66.57969353406594 0.0 125.19582039848768 87.45446808937837 68.71276299195844 72.89645525871617 
70.66430376230402 92.41266900814938 117.48954001802177 51.388246875903945 40.682395330790925 85.15113671842543 125.19582039848768 0.0 78.6723882244873 59.55011124291299 127.0856447364497 
34.586080818346986 123.93582535518487 58.05048149465761 126.31009103838163 89.61093832440368 20.919114993130187 87.45446808937837 78.6723882244873 0.0 40.57687582126665 51.59343970999193 
12.101948294731393 83.36018295750189 58.28876823852903 96.85794116978217 88.13022598974342 32.643942938448504 68.71276299195844 59.55011124291299 40.57687582126665 0.0 74.03311401586264 
62.17719347762133 146.713070317869 34.7547963669242 170.3504008367512 141.19899912754843 42.47647752630528 72.89645525871617 127.0856447364497 51.59343970999193 74.03311401586264 0.0 
lay
0 
1 2 3 
4 
0 1 
2 3 4 
0 1 2 3 
4 
0 1 2 3 
4 
0 1 
2 
3 
4 
0 1 
2 3 4 
0 1 2 
3 4 
0 1 
2 3 4 
0 1 2 
3 4 
0 1 2 3 4 
edge
0 3 0 2 3 4 1 4 
0 4 0 2 1 3 
0 4 
3 4 
1 2 2 3 3 4 
0 4 0 2 1 3 
2 3 1 4 
1 4 1 2 0 3 
2 3 0 3 1 4 

demand 
0.0 0.0 0.0 0.10927745557474354 0.1042814109631764 0.1059427786434293 0.10732235938303891 0.10326095060796779 0.0 0.0 0.0985521509214363 0.1098742267425011 0.10597827889954847 0.0 0.0 0.10766955225875155 0.1003302500807847 0.09628171341738583 0.0 0.0 0.10332826341777478 0.09611181927581823 0.09727979588120896 0.0 0.0 
0.0 0.0 0.0 0.09977003792657252 0.09979536251196562 0.0 0.0 0.0 0.1077620172256511 0.09016687389291504 0.0 0.0 0.0 0.10210480332391568 0.09362523821652544 0.0968129728140945 0.10433011767110636 0.10001533026018279 0.0 0.0 0.0 0.0 0.0 0.10857820233582559 0.09771116659403056 
0.0 0.0 0.0 0.09540226354608616 0.09259779881210692 0.10293747582001858 0.10252306855417831 0.09696551449184286 0.0 0.0 0.10525289950843356 0.0935399220046039 0.09625864163960773 0.0 0.0 0.1096909892326023 0.10643630393446211 0.10269600291644948 0.0 0.0 0.09960246854353223 0.09269103527186551 0.09098790530347617 0.0 0.0 
0.0 0.0 0.0 0.10576827735426642 0.10210770811035215 0.0 0.0 0.0 0.10096536289116581 0.09797195898111469 0.0 0.0 0.0 0.09543104625287296 0.09685916763251173 0.09870052814529742 0.09027541347482104 0.10073864899855485 0.0 0.0 0.10586489781001196 0.10151740021508973 0.10571684432460099 0.0 0.0 
0.09908696374565096 0.09941386230241864 0.09867467246875687 0.0 0.0 0.0 0.0 0.0 0.10930382332314298 0.09622492902768248 0.0 0.0 0.0 0.10227055565050631 0.09881513625178083 0.0 0.0 0.0 0.09865138076422865 0.09422374298812296 0.09405228434449965 0.09502310926084354 0.0987540538764349 0.0 0.0 
0.10689024342795278 0.09039040472300779 0.09297730150716799 0.0 0.0 0.0 0.0 0.0 0.09553023588626826 0.09970563025025245 0.0 0.0 0.0 0.09413068680989947 0.09982051848001916 0.0 0.0 0.0 0.10253724676957804 0.10071269783685338 0.0 0.0 0.0 0.10239719627693476 0.10473556484171737 
0.0 0.0 0.0 0.10195660837809768 0.09757570460458115 0.0920915055944232 0.10991484829909914 0.10336879579549299 0.0 0.0 0.0 0.0 0.0 0.10709267863837729 0.10246160885127382 0.0 0.0 0.0 0.099863479896083 0.1057815060490131 0.0 0.0 0.0 0.09248221578376262 0.09634640766727987 
0.10713618886188173 0.10243368864891744 0.10108480663592051 0.0 0.0 0.09082105125991258 0.09216286503888113 0.10381541176386339 0.0 0.0 0.10946079137774661 0.1095113075167483 0.09877948738716885 0.0 0.0 0.09945150321989864 0.10720613414158922 0.10722987471764078 0.0 0.0 0.0 0.0 0.0 0.10158018888807059 0.1037720748843992 
0.09844287072603196 0.0985968898910834 0.10331666130647088 0.0 0.0 0.0 0.0 0.0 0.0956569311551944 0.10308442667737053 0.0 0.0 0.0 0.0905058353055806 0.09090270336292146 0.09955126035529425 0.09586635905444316 0.0931645687537802 0.0 0.0 0.0 0.0 0.0 0.0928218127749196 0.1084959509851988 
0.0922228665201455 0.0915610941540419 0.09466922997407973 0.0 0.0 0.10977193818248104 0.09128610799665836 0.09233107734050311 0.0 0.0 0.10654138358727844 0.0947174424919175 0.09048999460216535 0.0 0.0 0.0 0.0 0.0 0.09878663750278183 0.09957051991660877 0.09406286456707684 0.10500416483710683 0.10061463513909269 0.0 0.0 
rate 
0.0 0.0 0.0 0.09712164656968203 0.0958077677126058 0.09254831029989208 0.10787517514581531 0.10217097408306941 0.0 0.0 0.10871133770930828 0.10545852661442641 0.09309965719986994 0.0 0.0 0.09637922445792303 0.09615807436386581 0.09017766002624987 0.0 0.0 0.10553730023065132 0.10752918056937102 0.0964380182046718 0.0 0.0 
0.0 0.0 0.0 0.09961399283883325 0.10950913264436109 0.0 0.0 0.0 0.09187091718811613 0.09641562742324163 0.0 0.0 0.0 0.10748327308662442 0.09113736606129938 0.10885339764873603 0.10803796456445165 0.1012758754530956 0.0 0.0 0.0 0.0 0.0 0.1059275088996551 0.10393153582326989 
0.0 0.0 0.0 0.09264645862753924 0.09567537391168235 0.1011812591258346 0.092648877316744 0.10703724919473655 0.0 0.0 0.09528447701169344 0.10001283932939911 0.09545193224671744 0.0 0.0 0.09577169849274786 0.09556974316866795 0.10219390885467027 0.0 0.0 0.09136501134166325 0.10191102185725394 0.09983028211529557 0.0 0.0 
0.0 0.0 0.0 0.09557149459657814 0.0947138340434031 0.0 0.0 0.0 0.1058368657093928 0.09014931142696471 0.0 0.0 0.0 0.09717064645120461 0.09292184142667266 0.10184715431529795 0.09674430854724024 0.10577860904902975 0.0 0.0 0.09455461491415666 0.09502218607572478 0.1024909942537655 0.0 0.0 
0.09130088416639427 0.09833333524487764 0.10139407239216446 0.0 0.0 0.0 0.0 0.0 0.09034295637944781 0.09322125663601105 0.0 0.0 0.0 0.09268148549068676 0.09749414183605463 0.0 0.0 0.0 0.10275558040289415 0.0979599232766913 0.10858523379673919 0.10243589816340432 0.10416360557174775 0.0 0.0 
0.0948010793364205 0.09593747033283587 0.09708959388143792 0.0 0.0 0.0 0.0 0.0 0.09699668924112997 0.0937600199663425 0.0 0.0 0.0 0.1020427909765591 0.09664844254406137 0.0 0.0 0.0 0.09576868412915435 0.10403175012403323 0.0 0.0 0.0 0.09491159248168705 0.09685785934166209 
0.0 0.0 0.0 0.0970665493425983 0.09271713011136774 0.09138408210003722 0.10034352604536355 0.10430927358559745 0.0 0.0 0.0 0.0 0.0 0.10006349390977404 0.09155082103875935 0.0 0.0 0.0 0.10356762427420965 0.09201230303783557 0.0 0.0 0.0 0.09859890953578089 0.10726605128052431 
0.09374354145847853 0.10149369504452516 0.1081256172380749 0.0 0.0 0.10755547111241429 0.09351430513511344 0.09798876419598912 0.0 0.0 0.09664774304847716 0.09891102970018917 0.10699435126742114 0.0 0.0 0.09086468608113746 0.10002461262514904 0.09940282471974837 0.0 0.0 0.0 0.0 0.0 0.10767777267407241 0.09650816356994385 
0.10009364094066937 0.10653280358108948 0.09241853720642265 0.0 0.0 0.0 0.0 0.0 0.09453072040501807 0.10797205984749808 0.0 0.0 0.0 0.09787182474883217 0.0969836503328715 0.09398344774781102 0.10508899855941359 0.09893137350513335 0.0 0.0 0.0 0.0 0.0 0.09893960040297094 0.10790272505932318 
0.10900139186402145 0.10234722446836725 0.09009206676866133 0.0 0.0 0.10726638820103845 0.10710766770320768 0.09622341268992546 0.0 0.0 0.09514592873241767 0.09371913206996745 0.09232437956226383 0.0 0.0 0.0 0.0 0.0 0.09891867166888624 0.10654815986817621 0.09415512195777964 0.10845841214016837 0.10240665820254852 0.0 0.0 
ability 
0.0 0.0 0.0 0.1543878869827616 0.15051606418077582 
0.0 0.0 0.0 0.15410660222314745 0.14366870513213745 
0.0 0.0 0.0 0.13880028472994996 0.15618751342350026 
0.0 0.0 0.0 0.0 0.14114163861675882 
0.0 0.0 0.0 0.14294916384965944 0.0 
0.0 0.0 0.0 0.1407763960581945 0.1410107807491328 
0.0 0.0 0.0 0.15159583148473574 0.1391148066581443 
0.0 0.0 0.0 0.14172891966896628 0.14646552891290465 
0.0 0.0 0.0 0.0 0.16386074854843347 
0.0 0.0 0.0 0.14407580475797874 0.0 
0.0 0.0 0.0 0.13509405082343062 0.14010985260600975 
0.0 0.0 0.0 0.15668855051506955 0.14417852871441875 
0.0 0.0 0.0 0.14281888085015115 0.1631034539604013 
0.0 0.0 0.0 0.0 0.16486979477344768 
0.0 0.0 0.0 0.16043973854051066 0.0 
0.0 0.0 0.0 0.14108280622212266 0.15048295411632148 
0.0 0.0 0.0 0.13529439573869018 0.14746046563290904 
0.0 0.0 0.0 0.14014830248901516 0.1609178638355551 
0.0 0.0 0.0 0.0 0.13643315395842276 
0.0 0.0 0.0 0.15352603796314018 0.0 
0.0 0.0 0.0 0.14048684381983478 0.15699205406128017 
0.0 0.0 0.0 0.1519830627845643 0.13766944007786872 
0.0 0.0 0.0 0.14791602881501487 0.16179879383206938 
0.0 0.0 0.0 0.0 0.14440730387297893 
0.0 0.0 0.0 0.13551562140617834 0.0 
0.0 0.0 0.0 0.14380455531661726 0.1527594334307628 
0.0 0.0 0.0 0.14072257473285116 0.1549275809063488 
0.0 0.0 0.0 0.16071236015126747 0.138733992192373 
0.0 0.0 0.0 0.0 0.1561916689368693 
0.0 0.0 0.0 0.13859913873101076 0.0 
0.0 0.0 0.0 0.16104087409832704 0.15328416276045853 
0.0 0.0 0.0 0.14491008636664887 0.14505014646342354 
0.0 0.0 0.0 0.1518132804881517 0.15660793155137864 
0.0 0.0 0.0 0.0 0.1638164962497112 
0.0 0.0 0.0 0.15205871139642316 0.0 
0.0 0.0 0.0 0.16019851290204642 0.15081192599634832 
0.0 0.0 0.0 0.14919133882418892 0.16291766521248452 
0.0 0.0 0.0 0.14211766834541548 0.15167311025181043 
0.0 0.0 0.0 0.0 0.14851611108901405 
0.0 0.0 0.0 0.1570169840527451 0.0 
0.0 0.0 0.0 0.15810189300521238 0.14775066240303233 
0.0 0.0 0.0 0.1359176751734039 0.14710346030543922 
0.0 0.0 0.0 0.14281995144687998 0.15895894987178996 
0.0 0.0 0.0 0.0 0.1574429785850216 
0.0 0.0 0.0 0.14998726980284222 0.0 
0.0 0.0 0.0 0.16475906716368008 0.15243959104959917 
0.0 0.0 0.0 0.14390879910779195 0.16270707839044254 
0.0 0.0 0.0 0.15444621182535248 0.13611268834559886 
0.0 0.0 0.0 0.0 0.16193134281353944 
0.0 0.0 0.0 0.15549166818063564 0.0 
0.0 0.14726439967860086 0.13801159241898775 0.0 0.0 
0.15080827657253854 0.0 0.16391934394801924 0.0 0.0 
0.14769310117333959 0.1404094932344548 0.0 0.0 0.0 
0.1534938679289359 0.15128806790039467 0.14548380930981736 0.0 0.0 
0.14318450512599556 0.1508681071704254 0.15440200625911582 0.0 0.0 
0.0 0.13967515785371618 0.1426801332108117 0.0 0.0 
0.14156197368166365 0.0 0.14799430355703883 0.0 0.0 
0.14862584763460399 0.15471825605949577 0.0 0.0 0.0 
0.14096310917497373 0.14713688637116554 0.13842773632929184 0.0 0.0 
0.148516105653122 0.158107972949975 0.14975159726990372 0.0 0.0 
0.0 0.15080669242273192 0.14976115462832443 0.0 0.0 
0.15576329761988345 0.0 0.14182086844930536 0.0 0.0 
0.15494211573507133 0.1405900862449794 0.0 0.0 0.0 
0.13846648697718097 0.14905962789601798 0.14000547730506346 0.0 0.0 
0.1594149312562794 0.13872054711926055 0.13853183915911627 0.0 0.0 
0.0 0.1562050920482881 0.1492863210700599 0.0 0.0 
0.14141700489189266 0.0 0.1550020106296335 0.0 0.0 
0.15882444035490725 0.15563144612032734 0.0 0.0 0.0 
0.14548342818882146 0.1497389805929691 0.13983312271453846 0.0 0.0 
0.13542343811698487 0.15171861670957942 0.1495570098643161 0.0 0.0 
0.0 0.16366192491474182 0.135623849731799 0.0 0.0 
0.14135784674290222 0.0 0.16155720378035796 0.0 0.0 
0.16102824444403016 0.15764403051563552 0.0 0.0 0.0 
0.13782845384431067 0.15203828902612584 0.13693898535488008 0.0 0.0 
0.1414640618772549 0.1544979553923683 0.13780280053183758 0.0 0.0 
0.0 0.14153715788412427 0.13842204629320048 0.0 0.0 
0.13534304161174915 0.0 0.14564932201681824 0.0 0.0 
0.14415618420152013 0.15744760741560013 0.0 0.0 0.0 
0.151064808346561 0.14502961698299155 0.15802517595218477 0.0 0.0 
0.14101651877760163 0.16141750232176835 0.14626772546187433 0.0 0.0 
0.0 0.14489235436630757 0.13641658083748107 0.0 0.0 
0.1464679488348485 0.0 0.13506070181812802 0.0 0.0 
0.15651324391031535 0.1580471211651959 0.0 0.0 0.0 
0.15424453260277957 0.15896193098489284 0.1560513107039023 0.0 0.0 
0.16259383959441157 0.15988757104592546 0.1630902801557772 0.0 0.0 
0.0 0.15195200699891995 0.13559923535317256 0.0 0.0 
0.15868909732898917 0.0 0.15767576669801603 0.0 0.0 
0.13602334222000578 0.1448695739737706 0.0 0.0 0.0 
0.1532957388115932 0.14126055150963193 0.16059508905945094 0.0 0.0 
0.1575533754216732 0.1549645453557611 0.15519259424292367 0.0 0.0 
0.0 0.15540086701149614 0.14820628174521358 0.0 0.0 
0.13608548061560755 0.0 0.1533552306748096 0.0 0.0 
0.1392176086174681 0.16145543681245644 0.0 0.0 0.0 
0.15199513487419308 0.13837664022325666 0.13873620250012947 0.0 0.0 
0.13939912895163023 0.14796903203258574 0.15280513079158517 0.0 0.0 
0.0 0.1513115103130352 0.14228928101194616 0.0 0.0 
0.14401534740724095 0.0 0.15507136604971344 0.0 0.0 
0.14556103121555058 0.13516575889150345 0.0 0.0 0.0 
0.15636048786640666 0.16110872839542584 0.14252547410849808 0.0 0.0 
0.13564732769725604 0.161961747369788 0.1533283423492407 0.0 0.0 
