file_name
position_num 10
robot_num 25
position_x
-66.27612863451003 47.52646972387603 33.08043190431178 25.377465053250376 51.30743588374219 -84.06414687778425 -49.176949445597586 -11.636749470474356 20.175420020385076 96.49384313411355 
position_y
-79.79599450753628 23.78821492373484 47.84761371496705 32.178085176370246 41.77880895894012 25.512844382450297 -11.322891088374504 -28.66154718374345 -70.03697894330976 91.06546500218514 
distance
0.0 103.73006298188042 53.14738463623875 58.16965801165167 40.981030955146586 66.16586623775079 87.85036151759883 50.46365245772497 30.933771596825004 72.88501898541682 132.67999351392476 
103.73006298188042 0.0 153.8854113833458 161.75480469576317 144.70167848694402 169.13405181314124 106.80058586627793 70.57583028761164 74.83444032356358 87.00062442081959 235.9824189539354 
53.14738463623875 153.8854113833458 0.0 28.063190817863653 23.684770016942398 18.383611691983074 131.6019176318302 102.88022669327911 79.06493565778585 97.73048103878 83.21076875510751 
58.16965801165167 161.75480469576317 28.063190817863653 0.0 17.460521840152737 19.210779922557727 119.25474522706186 101.32830515323289 88.61872269182338 118.58885494822918 76.74010290378848 
40.981030955146586 144.70167848694402 23.684770016942398 17.460521840152737 0.0 27.650267348063 109.64438816877093 86.31741224835183 71.21455569279435 102.3473527039867 92.33234933700142 
66.16586623775079 169.13405181314124 18.383611691983074 19.210779922557727 27.650267348063 0.0 136.3453227029238 113.65255053420582 94.4659422406513 116.0688280113022 66.86543100976434 
87.85036151759883 106.80058586627793 131.6019176318302 119.25474522706186 109.64438816877093 136.3453227029238 0.0 50.73448484363424 90.44662844331836 141.40599720203483 192.08939019959294 
50.46365245772497 70.57583028761164 102.88022669327911 101.32830515323289 86.31741224835183 113.65255053420582 50.73448484363424 0.0 41.350884021574636 90.86856036706656 178.0543604457034 
30.933771596825004 74.83444032356358 79.06493565778585 88.61872269182338 71.21455569279435 94.4659422406513 90.44662844331836 41.350884021574636 0.0 52.191383206480516 161.32818260920456 
72.88501898541682 87.00062442081959 97.73048103878 118.58885494822918 102.3473527039867 116.0688280113022 141.40599720203483 90.86856036706656 52.191383206480516 0.0 178.26524942281208 
132.67999351392476 235.9824189539354 83.21076875510751 76.74010290378848 92.33234933700142 66.86543100976434 192.08939019959294 178.0543604457034 161.32818260920456 178.26524942281208 0.0 
lay
0 1 
2 
3 4 
0 1 2 3 4 
0 1 2 
3 4 
0 1 2 3 4 
0 1 2 
3 4 
0 
1 2 
3 
4 
0 
1 2 
3 
4 
0 1 
2 3 
4 
0 1 2 3 4 
0 1 2 3 
4 
edge
0 2 2 4 2 3 

1 4 1 3 2 4 

0 3 2 3 1 4 
0 2 2 3 3 4 1 3 
0 2 0 1 2 3 3 4 1 3 
1 3 1 2 3 4 2 4 0 3 

1 4 3 4 
demand 
0.0 0.0 0.0 0.09311991871144369 0.10430805783481728 0.0 0.0 0.0 0.10724797580509414 0.10819397140013153 0.0 0.0 0.0 0.1068401872897413 0.10905880807821876 0.0 0.0 0.0 0.10648472907161198 0.09483759297306554 0.0 0.0 0.0 0.09250281998261156 0.10146635826965751 
0.10913603761420831 0.09350565049254139 0.09247219347135506 0.0 0.0 0.09637524950272819 0.09366388415109383 0.09794479969413208 0.0 0.0 0.10236832280417066 0.10787157243451805 0.10133064243271826 0.0 0.0 0.0 0.0 0.0 0.09380930885326 0.1033132279300484 0.10857979163617137 0.10781387017543152 0.10796934272297679 0.0 0.0 
0.0 0.0 0.0 0.0913951093680942 0.0968910988143411 0.0 0.0 0.0 0.0916154237282454 0.09563403084940647 0.09687790741546497 0.10631627376316018 0.09087168614539373 0.0 0.0 0.0 0.0 0.0 0.1064935532593932 0.09681533079701393 0.09715748120198914 0.09073359659193364 0.09053143150109808 0.0 0.0 
0.09545176214687827 0.10276985077553956 0.1070492025042775 0.0 0.0 0.10843431967727775 0.10925221177380612 0.09402592354218196 0.0 0.0 0.0 0.0 0.0 0.0915566610571106 0.10698533967809054 0.0 0.0 0.0 0.10614877904188819 0.09566470506373002 0.0 0.0 0.0 0.09430200391443012 0.10861062891625069 
0.0943396662331036 0.09214553360503352 0.09466725553671167 0.0 0.0 0.0 0.0 0.0 0.10049108578457118 0.1086156072536198 0.0 0.0 0.0 0.09244029179076138 0.10409877974073667 0.09901729265391354 0.10067469072288196 0.0905453738155015 0.0 0.0 0.09752489451523912 0.09735435283639532 0.09112514683241575 0.0 0.0 
0.10942797131368827 0.09453300073287677 0.10257656724526083 0.0 0.0 0.10090833074769677 0.10140244174803317 0.09451327990909437 0.0 0.0 0.09677222809236857 0.09741189592701932 0.10879854241201732 0.0 0.0 0.10123633060957499 0.10515849768476074 0.10900112399595292 0.0 0.0 0.09612431165793234 0.10213268011442492 0.09316751136110768 0.0 0.0 
0.0 0.0 0.0 0.10410063273958917 0.09322184310057242 0.09646136792640864 0.09571570251470418 0.1078954550482882 0.0 0.0 0.0 0.0 0.0 0.10262339262876126 0.10511635315318738 0.09981345864815538 0.10796018100810896 0.09135836619246092 0.0 0.0 0.0 0.0 0.0 0.09156957977394736 0.10726031054221088 
0.0 0.0 0.0 0.10473028223966221 0.10075247260063878 0.0 0.0 0.0 0.09778786185063533 0.09039808108595998 0.10621612039798295 0.09904878588832161 0.09679651171640456 0.0 0.0 0.09934853353414401 0.10268767532306891 0.0927752537665567 0.0 0.0 0.10780343444368107 0.09717314225456403 0.09256125411321577 0.0 0.0 
0.10118211879219266 0.09216571779055373 0.10103374521843866 0.0 0.0 0.0 0.0 0.0 0.0941893778935713 0.10607984481367141 0.0 0.0 0.0 0.10468380669648399 0.1030324964897158 0.0 0.0 0.0 0.09311276026683954 0.0947738299609455 0.0 0.0 0.0 0.09796658911204142 0.09368049708981319 
0.0 0.0 0.0 0.10388242132323185 0.10262886863215744 0.10839921869397634 0.10363739317130714 0.09624053525275986 0.0 0.0 0.0 0.0 0.0 0.09938800670224802 0.09709542982869471 0.09222821752171095 0.09298773230712593 0.09150009246220521 0.0 0.0 0.0906023830542547 0.0984865412488076 0.1004768508061652 0.0 0.0 
rate 
0.0 0.0 0.0 0.09096934794386397 0.10061825976327841 0.0 0.0 0.0 0.09273422197313436 0.10750415410874435 0.0 0.0 0.0 0.09632123897701356 0.10426191331966084 0.0 0.0 0.0 0.09389082937851909 0.09608897163782565 0.0 0.0 0.0 0.09144933407732708 0.10909765219079746 
0.09648051812076304 0.09688032666869734 0.09060840960070814 0.0 0.0 0.09658034551017519 0.09256518801043338 0.10495692024275814 0.0 0.0 0.10007405336427816 0.10250476250579076 0.10263138351167007 0.0 0.0 0.0 0.0 0.0 0.10135949553054922 0.0981726040324401 0.09361410716801999 0.09506209993054067 0.1095901810107933 0.0 0.0 
0.0 0.0 0.0 0.10763684219651093 0.0917153936284779 0.0 0.0 0.0 0.09165363576838602 0.09859553159060022 0.09631259105216305 0.10675414673424666 0.09280381617426518 0.0 0.0 0.0 0.0 0.0 0.09405466372066154 0.10622750652331799 0.10469356289553278 0.0910639184984174 0.10508848553397697 0.0 0.0 
0.093429333355296 0.09319356829120141 0.10203064019719124 0.0 0.0 0.09772357096954598 0.09401525043025133 0.09352353490320796 0.0 0.0 0.0 0.0 0.0 0.10969770968757826 0.09169279465125843 0.0 0.0 0.0 0.104392604056975 0.0957233359675479 0.0 0.0 0.0 0.09733459736816273 0.10464551205216298 
0.10050595019200369 0.10223510680047213 0.10041226132801125 0.0 0.0 0.0 0.0 0.0 0.09472129038990519 0.0949743006290536 0.0 0.0 0.0 0.10848224358804048 0.09076247926156399 0.09822754538679784 0.09511491656912817 0.10255535218409047 0.0 0.0 0.10436362659688377 0.09886124658094375 0.10223884359474598 0.0 0.0 
0.0921262015199194 0.0963406523044529 0.09995432861131517 0.0 0.0 0.09259666878619173 0.09920329789093696 0.0976734067879007 0.0 0.0 0.09044970658302015 0.10204824565303888 0.10787699105611287 0.0 0.0 0.10158877157315652 0.09375675981615254 0.09722510488402226 0.0 0.0 0.09249221167995847 0.10545328376494828 0.10293158724386393 0.0 0.0 
0.0 0.0 0.0 0.10996030464338938 0.10691928150593828 0.1042079297786 0.10955610374903982 0.10346807304608646 0.0 0.0 0.0 0.0 0.0 0.09250117128431247 0.10342222888025576 0.09720760054263743 0.09905994829448628 0.09518191662584373 0.0 0.0 0.0 0.0 0.0 0.10432173653749013 0.09704304685781073 
0.0 0.0 0.0 0.09756349517193577 0.09463982929038466 0.0 0.0 0.0 0.10288932355772203 0.10978073667882618 0.09690769910067219 0.10796096912946274 0.0931454753095221 0.0 0.0 0.09019509778197286 0.09025505190124979 0.10803313939563051 0.0 0.0 0.10898264236949468 0.0964562004900024 0.09892253314088417 0.0 0.0 
0.09361996385067778 0.0901916770964383 0.10593761068562127 0.0 0.0 0.0 0.0 0.0 0.10761069539373058 0.10043829137652478 0.0 0.0 0.0 0.09580085211241376 0.10808945742498569 0.0 0.0 0.0 0.0946211660272538 0.0975885027374842 0.0 0.0 0.0 0.10773229488549384 0.09083509861825195 
0.0 0.0 0.0 0.10258947472563361 0.10582756995336358 0.10125703949646239 0.1031449347294567 0.10597101276558754 0.0 0.0 0.0 0.0 0.0 0.0924308756166185 0.10744119626007193 0.09943320572820782 0.10939531416595488 0.10135866448426806 0.0 0.0 0.10277586884242683 0.09630023226800799 0.09080511221941326 0.0 0.0 
ability 
0.0 0.0 0.0 0.15397675238800249 0.1437383002246463 
0.0 0.0 0.0 0.1369135949672006 0.1621762420808372 
0.0 0.0 0.0 0.16285269768798252 0.16493209874511705 
0.0 0.0 0.0 0.0 0.15454474068661808 
0.0 0.0 0.0 0.1419238194331504 0.0 
0.0 0.0 0.0 0.14350288368011788 0.15557491374573432 
0.0 0.0 0.0 0.1456604496585987 0.1471339292523827 
0.0 0.0 0.0 0.1589337150052806 0.15973029193102561 
0.0 0.0 0.0 0.0 0.14749331823417383 
0.0 0.0 0.0 0.15077243372887011 0.0 
0.0 0.0 0.0 0.1437768126578636 0.1523327134335785 
0.0 0.0 0.0 0.13775251877087566 0.15780276455503917 
0.1361901452521666 0.14186312206949883 0.0 0.0 0.0 
0.15339449593101526 0.14285429134998837 0.14104272230585652 0.0 0.0 
0.1583322199581234 0.15892282386216702 0.1399277322732671 0.0 0.0 
0.0 0.1574050281941256 0.1369958322212983 0.0 0.0 
0.15111494091256666 0.0 0.13905642096351908 0.0 0.0 
0.15924919153839534 0.1545599961267397 0.0 0.0 0.0 
0.1582897910454699 0.13719340246426515 0.15599724107592758 0.0 0.0 
0.15305164436801696 0.14203266957954208 0.13820096134811777 0.0 0.0 
0.0 0.13728195144176103 0.1466317608505274 0.0 0.0 
0.141774702465045 0.0 0.15089220693214167 0.0 0.0 
0.15838112695842452 0.14945738859299842 0.0 0.0 0.0 
0.14402036691937078 0.15111954735750116 0.14997884239670112 0.0 0.0 
0.14424956828873514 0.14797281323155068 0.1601213813040682 0.0 0.0 
