file_name
position_num 10
robot_num 50
position_x
-84.33733654445001 -28.16670379271325 -92.60464817357763 -38.23302863882547 9.753288966439982 7.286847267555146 -6.642064933328086 58.2469973038655 24.73809651889927 -42.28897990909606 
position_y
43.1191993772573 -52.657406721309655 -41.13164932305742 -25.14748209507664 6.239503656199858 -13.005348762501939 19.47395011066719 8.940597059247239 -49.73530075497059 -87.30300891143582 
distance
0.0 94.7209147461504 59.71738176745423 101.32834469874194 45.76199661967831 11.578344075843113 14.907623537471913 20.575513589976346 58.92916909894738 55.547939300803534 97.00604716584515 
94.7209147461504 0.0 111.0328701758652 84.65550158316016 82.37685965549873 101.06016903562117 107.44745675495656 81.21362597252501 146.62356261999835 143.24597129679807 137.03290375173827 
59.71738176745423 111.0328701758652 0.0 65.46061227665639 29.293802225871566 70.04835403398585 53.19060051505063 75.27444929356128 106.12088299179553 52.98543761534965 37.41331893622686 
101.32834469874194 84.65550158316016 65.46061227665639 0.0 56.6724502099909 112.78817947880883 103.77571799167931 105.17891613844436 158.9447979677926 117.65773476455203 68.28953740611149 
45.76199661967831 82.37685965549873 29.293802225871566 56.6724502099909 0.0 57.33959846270501 47.11146892634863 54.672307431951744 102.32493609249786 67.60120879157164 62.287721539047766 
11.578344075843113 101.06016903562117 70.04835403398585 112.78817947880883 57.33959846270501 0.0 19.402259643443863 21.070315670506766 48.568875361565446 57.94586427220693 107.04484764424613 
14.907623537471913 107.44745675495656 53.19060051505063 103.77571799167931 47.11146892634863 19.402259643443863 0.0 35.3400544763666 55.484785569869615 40.66491698997541 89.31911857970648 
20.575513589976346 81.21362597252501 75.27444929356128 105.17891613844436 54.672307431951744 21.070315670506766 35.3400544763666 0.0 65.73843567144141 75.9910187992676 112.57007384423933 
58.92916909894738 146.62356261999835 106.12088299179553 158.9447979677926 102.32493609249786 48.568875361565446 55.484785569869615 65.73843567144141 0.0 67.57001861862436 139.1772768967881 
55.547939300803534 143.24597129679807 52.98543761534965 117.65773476455203 67.60120879157164 57.94586427220693 40.66491698997541 75.9910187992676 67.57001861862436 0.0 76.83724143027047 
97.00604716584515 137.03290375173827 37.41331893622686 68.28953740611149 62.287721539047766 107.04484764424613 89.31911857970648 112.57007384423933 139.1772768967881 76.83724143027047 0.0 
lay
0 1 
2 3 4 
0 
1 2 
3 4 
0 1 2 3 
4 
0 1 2 3 4 
0 1 2 
3 4 
0 1 2 3 4 
0 1 2 
3 4 
0 
1 2 3 
4 
0 1 2 3 4 
0 1 2 
3 4 
edge
0 4 0 2 1 3 1 4 
0 1 0 2 1 3 1 4 2 4 
1 4 2 4 

2 4 1 3 

1 4 0 3 0 4 
0 3 0 1 1 4 2 4 

1 3 2 3 0 4 
demand 
0.0 0.0 0.0 0.09616042841442973 0.09385911841054999 0.09420197763927013 0.1000048916110556 0.09424237354633956 0.0 0.0 0.0 0.0 0.0 0.09807636414000831 0.09756794648825513 0.0 0.0 0.0 0.10956096070384223 0.10010393236342681 0.09427199771245932 0.09868698369586171 0.10078874206403088 0.0 0.0 
0.0 0.0 0.0 0.10114684427889437 0.09033828478252642 0.0 0.0 0.0 0.10550772569175991 0.09495110589332278 0.09219854455213944 0.10482204276410197 0.09252657390402574 0.0 0.0 0.10513643313016688 0.09584424084321976 0.09241590232789346 0.0 0.0 0.099446084981669 0.09180066227435876 0.10503115586894102 0.0 0.0 
0.10797246873593294 0.09800279638646037 0.09647441290519382 0.0 0.0 0.0 0.0 0.0 0.09749992689999375 0.1065502424740492 0.10592302905228537 0.09265222384114696 0.10352037719206975 0.0 0.0 0.0 0.0 0.0 0.10602019761896152 0.1083533220423963 0.0 0.0 0.0 0.09685816914939946 0.10500147049856633 
0.09581730081586165 0.10471321610729563 0.09160917848244729 0.0 0.0 0.0 0.0 0.0 0.10985318633934585 0.09893225543864065 0.10541097489591862 0.09836788989803744 0.10642867452245015 0.0 0.0 0.0 0.0 0.0 0.10876891093711959 0.10522214709314377 0.0 0.0 0.0 0.10114668093823867 0.09332638012392896 
0.10367223115639518 0.0968558375016436 0.10581959152553222 0.0 0.0 0.10398846095777392 0.10858720981428974 0.10347780502796816 0.0 0.0 0.10874626692180356 0.10116745571023743 0.0962804979012024 0.0 0.0 0.0996148120210098 0.10765131800939912 0.09126770570683142 0.0 0.0 0.0 0.0 0.0 0.10638329092910373 0.09350171034571403 
0.09401918498788703 0.09743541536944783 0.10162555588497442 0.0 0.0 0.0 0.0 0.0 0.10085536795281298 0.09109537552177896 0.09410043608807975 0.10945827235838866 0.09126013476835136 0.0 0.0 0.0 0.0 0.0 0.10600355967056299 0.100394872951161 0.1070729853496756 0.10512400392601845 0.09452266093337372 0.0 0.0 
0.10974072299915034 0.09780101512823366 0.09051950239948596 0.0 0.0 0.0 0.0 0.0 0.1063656806370942 0.10272166024383858 0.0 0.0 0.0 0.09613118603851323 0.10926058029956619 0.0 0.0 0.0 0.09280626246991917 0.1057440203244668 0.10620843349208836 0.10016895544721345 0.0969351940472249 0.0 0.0 
0.09223940946145617 0.10801406742221423 0.10585331986893541 0.0 0.0 0.0 0.0 0.0 0.09771746517724611 0.09749784591854167 0.1048028902334765 0.09591310008960385 0.09344932552488192 0.0 0.0 0.0 0.0 0.0 0.1064560791943991 0.09571869268331867 0.09064020024827214 0.10407032097430534 0.09065667714111802 0.0 0.0 
0.0 0.0 0.0 0.09795762054916224 0.10647252386978648 0.0 0.0 0.0 0.10749265202802422 0.10010768127883823 0.0 0.0 0.0 0.09875862232042075 0.10813225100390263 0.09145573638017034 0.10265363564946864 0.10578329252846697 0.0 0.0 0.09312984754387786 0.10097467224748041 0.10212399523877225 0.0 0.0 
0.0 0.0 0.0 0.1007732135350795 0.09869509777458246 0.1042118918359599 0.10414353569509359 0.10179008763453844 0.0 0.0 0.0 0.0 0.0 0.10136287748362399 0.10252969173181628 0.10264432052309967 0.10878816507106859 0.10449192425494598 0.0 0.0 0.0 0.0 0.0 0.10400103244104919 0.09460824602098299 
rate 
0.0 0.0 0.0 0.09297479745521173 0.09758400499881727 0.10472647764029429 0.09469960799868364 0.10632554500186082 0.0 0.0 0.0 0.0 0.0 0.10543555001382504 0.10681279746702466 0.0 0.0 0.0 0.10418245447909236 0.09676461853087476 0.10695638208026764 0.10322261815081524 0.10627891078816548 0.0 0.0 
0.0 0.0 0.0 0.10598466149373409 0.09789509447974172 0.0 0.0 0.0 0.10782484436452558 0.09320836087596468 0.09477040376639673 0.09400855145900322 0.1051333850122309 0.0 0.0 0.09414807514717728 0.09727431092497378 0.09569991524233912 0.0 0.0 0.10527467933700599 0.10540151653701078 0.09159902697415721 0.0 0.0 
0.09544569427288854 0.09806700706501376 0.0989004361455357 0.0 0.0 0.0 0.0 0.0 0.09835640939755658 0.09987567420133459 0.09597070593265328 0.10688693342134821 0.1002538614524819 0.0 0.0 0.0 0.0 0.0 0.10905745479584497 0.09208987136191943 0.0 0.0 0.0 0.09190246733675132 0.09801686736700978 
0.0955566500685557 0.09486201696352087 0.09572974938116133 0.0 0.0 0.0 0.0 0.0 0.10110291909161183 0.10615616908650083 0.09494703345543086 0.10746452795914821 0.09753312797817892 0.0 0.0 0.0 0.0 0.0 0.10143577808555436 0.09177357928506684 0.0 0.0 0.0 0.09566144509269091 0.10481904094204993 
0.09026443655162417 0.09459153427144955 0.10681271357754228 0.0 0.0 0.09202350738352626 0.09753439586759843 0.09932461370549844 0.0 0.0 0.09762728251140979 0.10719871292801784 0.09457895262988077 0.0 0.0 0.09104631561486456 0.1028404612081971 0.09761468376397806 0.0 0.0 0.0 0.0 0.0 0.10397157276658404 0.09087205841130477 
0.10601738608284238 0.0938483033695668 0.0961627829782354 0.0 0.0 0.0 0.0 0.0 0.10384722223856535 0.10595325144735396 0.09735943943335428 0.09640892205990526 0.09410688486815892 0.0 0.0 0.0 0.0 0.0 0.09427408314079196 0.10612142427037348 0.10023136547626368 0.09655854630768355 0.09371446117657425 0.0 0.0 
0.09395344921135476 0.10357492843084187 0.10641222309179033 0.0 0.0 0.0 0.0 0.0 0.10364342292008658 0.10191439815078661 0.0 0.0 0.0 0.09363248332871682 0.0927289599838117 0.0 0.0 0.0 0.09226876602345575 0.10993507940164496 0.10950319265185077 0.09826779820369747 0.0994303103489934 0.0 0.0 
0.09962533909412313 0.0909956626656146 0.09102119442843706 0.0 0.0 0.0 0.0 0.0 0.09340554101571072 0.09127887508143201 0.098537677074645 0.10649664163714255 0.10763045909558738 0.0 0.0 0.0 0.0 0.0 0.1006224813493229 0.09436468993215862 0.1087521080016976 0.09049559771640484 0.09828600428943927 0.0 0.0 
0.0 0.0 0.0 0.10549637480648891 0.0971636992148761 0.0 0.0 0.0 0.10157552815820062 0.0994085403076945 0.0 0.0 0.0 0.10109217933769217 0.09856201785472714 0.10500025192581659 0.10362729653759686 0.1062009741067775 0.0 0.0 0.09115473336918349 0.10326609005618084 0.10259986272424702 0.0 0.0 
0.0 0.0 0.0 0.0945109839640778 0.10922914452030195 0.1084301367251775 0.09629685250384695 0.09223623287205586 0.0 0.0 0.0 0.0 0.0 0.10830574250502197 0.10270543757497617 0.09344663577861288 0.09151498640946519 0.10246169705877149 0.0 0.0 0.0 0.0 0.0 0.1090591222841685 0.10311229485221296 
ability 
0.0 0.0 0.0 0.13992460850148447 0.1645347838863269 
0.0 0.0 0.0 0.1586396863917713 0.1492453672898128 
0.0 0.0 0.0 0.1474946794860294 0.13607013812972507 
0.0 0.0 0.0 0.0 0.15031053602558142 
0.0 0.0 0.0 0.14464550834293968 0.0 
0.0 0.0 0.0 0.1642736772633918 0.14951913381521634 
0.0 0.0 0.0 0.15106083980481558 0.16041604577767107 
0.0 0.0 0.0 0.15612992967348047 0.14033833909664567 
0.0 0.0 0.0 0.0 0.14176991137086473 
0.0 0.0 0.0 0.1556453246079813 0.0 
0.0 0.0 0.0 0.15386613197326413 0.14381012135353285 
0.0 0.0 0.0 0.15063748497537552 0.14258549197098838 
0.0 0.0 0.0 0.16162719356917712 0.14030839140303092 
0.0 0.0 0.0 0.0 0.1427668717701797 
0.0 0.0 0.0 0.146676341708597 0.0 
0.0 0.0 0.0 0.1537298942844235 0.1503771138410467 
0.0 0.0 0.0 0.1438926959307765 0.14399333045183757 
0.0 0.0 0.0 0.14031474173923517 0.1432321379501149 
0.0 0.0 0.0 0.0 0.1414983201385883 
0.0 0.0 0.0 0.15474887934027698 0.0 
0.0 0.0 0.0 0.16041503456950423 0.13944846041574568 
0.0 0.0 0.0 0.15001727476842222 0.14338822885640817 
0.0 0.0 0.0 0.13956186274980723 0.14481307951368255 
0.0 0.0 0.0 0.0 0.14706161725759628 
0.0 0.0 0.0 0.1401895014098867 0.0 
0.0 0.15036560618363903 0.16326881240133376 0.0 0.0 
0.14841164757500871 0.0 0.14614905830612102 0.0 0.0 
0.15070945972191235 0.16344622638733114 0.0 0.0 0.0 
0.15631483290651912 0.14671795539848023 0.1429023606721584 0.0 0.0 
0.16399063054046958 0.1399485807007775 0.1402787846617269 0.0 0.0 
0.0 0.14141951379352113 0.14195475442843278 0.0 0.0 
0.14842121945184816 0.0 0.15273050976068742 0.0 0.0 
0.1414272896088702 0.14287330871148857 0.0 0.0 0.0 
0.15128578534018225 0.1474793053100573 0.1491219591417113 0.0 0.0 
0.14125057182900652 0.1451135303611166 0.15928251544430747 0.0 0.0 
0.0 0.15261874742128612 0.1482579895342747 0.0 0.0 
0.15113449826345496 0.0 0.1534485640922854 0.0 0.0 
0.14396262027314216 0.15358455092923057 0.0 0.0 0.0 
0.1497922180863319 0.16390861472937993 0.16066796890512328 0.0 0.0 
0.1369438854584704 0.14648431876136364 0.14239520153056587 0.0 0.0 
0.0 0.13660040857226313 0.1493140868960858 0.0 0.0 
0.1515522852274562 0.0 0.13815558622720722 0.0 0.0 
0.15784373584069236 0.16011779295324455 0.0 0.0 0.0 
0.13929459230815466 0.14445991085694018 0.1575835197173698 0.0 0.0 
0.15316826966401062 0.14180118766996222 0.15521351756697796 0.0 0.0 
0.0 0.14909400018497118 0.14549618201797004 0.0 0.0 
0.15975356471092897 0.0 0.14949056812254477 0.0 0.0 
0.14220968317167895 0.14019367831278776 0.0 0.0 0.0 
0.14359315729622 0.15596353958231798 0.13849801749168034 0.0 0.0 
0.1624478631441865 0.15471625439530057 0.15112187303638946 0.0 0.0 
