file_name
position_num 5
robot_num 50
position_x
-12.974884100433812 29.11105581014459 -99.29681741521763 -16.828038711043476 54.33353006581001 
position_y
-53.55034512768222 -4.270522789735679 9.941526576435564 -30.366196589005497 -32.81174744127017 
distance
0.0 55.09979202060176 29.422626247141928 99.79324576072793 34.71726922069918 63.47238186457146 
55.09979202060176 0.0 64.80530246682281 107.15733266414453 23.50216040955998 70.43090267470286 
29.422626247141928 64.80530246682281 0.0 129.19196667535942 52.83355559173118 38.08903664031246 
99.79324576072793 107.15733266414453 129.19196667535942 0.0 91.79222193486702 159.46826049836477 
34.71726922069918 23.50216040955998 52.83355559173118 91.79222193486702 0.0 71.20357848980528 
63.47238186457146 70.43090267470286 38.08903664031246 159.46826049836477 71.20357848980528 0.0 
lay
0 1 2 
3 
4 
0 1 2 3 
4 
0 
1 2 
3 
4 
0 1 2 
3 
4 
0 1 2 3 4 
edge
0 3 3 4 
0 4 3 4 
0 2 0 1 2 3 3 4 1 3 
2 3 3 4 0 3 

demand 
0.0964853441213435 0.10899617588936616 0.09631209306811642 0.009954003550542566 0.010757948830259396 0.01040042964893808 0.010615205011349445 0.010917561793836374 0.09664429617467907 0.1068364221519726 0.010491119805826905 0.010536321729295186 0.010677943628763904 0.09494502269329322 0.10436803804891003 0.10584610272612659 0.09968062488538369 0.10291856283874222 0.009284686417003432 0.009657547130167672 0.097279772340041 0.10239747696305368 0.1042200615894957 0.010536518881423422 0.01053847010291221 
0.009065027236832144 0.010514164809404274 0.01051055122316122 0.09587707351989744 0.09023832768115436 0.09932651497501921 0.10714643082234394 0.09248996812258892 0.009128280397568389 0.009452121959927935 0.09149099780642554 0.09938417009422101 0.09019347427094915 0.00995575325505252 0.009709496415491289 0.10754014861124493 0.107716892588542 0.09153623411173074 0.00903343771564486 0.010683903429183161 0.10306196569539157 0.09036365715304145 0.09150307087086831 0.010148892396804126 0.009051311350680663 
0.00966130000692698 0.009044178029976818 0.010995321720091279 0.10666673507701659 0.10852815381529023 0.010302484561917095 0.009501862210087489 0.009297893329785816 0.10897274586561033 0.10896299023674656 0.009165680781195416 0.00925250411938145 0.00921489937803174 0.10695549412366955 0.09427212957850443 0.0093598642430915 0.009227925528659002 0.009452037125529488 0.103583501237128 0.0974857643160879 0.009876190561586925 0.009209237285111452 0.009916931654895518 0.10446669791655434 0.1067691529594008 
0.010288310996711562 0.010081620579596053 0.010207609298177763 0.1066644591531622 0.10717696427879533 0.0992544912507516 0.10126190104436397 0.096238580536978 0.009117766489272433 0.009205501106477993 0.09792683453752186 0.10431934667695042 0.09107896156533843 0.009394974965168357 0.010618437465865525 0.1005689488491878 0.1068956236111275 0.09561282933807635 0.010272894370149567 0.009911511309302668 0.010270979508358846 0.010851491668088395 0.010990177151208392 0.10943053958714898 0.09566516102819755 
0.1052390300498973 0.1033017956847794 0.1046289497289876 0.009773068833140419 0.01085709899451862 0.10190156097793424 0.10144458401274786 0.09066225564752968 0.010206237620092758 0.010349102075442724 0.01077943085098641 0.010420320112716194 0.009876473402231615 0.09742235883170981 0.09098114817748536 0.01098459275640191 0.009975278825793165 0.010062121754041203 0.10296092034732776 0.1036411369210527 0.010223583273735064 0.010574417850240665 0.009557985203637235 0.10481988741017881 0.10317384428295012 
rate 
0.10331630999179763 0.10643360483289808 0.09159369351923098 0.009384941647747622 0.009276690359257645 0.010839025491810856 0.01079345423939802 0.009831300767411745 0.10311391961090266 0.10383501759052871 0.010421383541999014 0.01063889268885921 0.010607758560722266 0.10579760270204897 0.10625181766425965 0.10509982279823704 0.10996929644957426 0.10360861397760823 0.01050508641297902 0.009960532474325854 0.10335296130811872 0.0971569823340411 0.10461479588429562 0.010542310201032792 0.010409942490468012 
0.009091940951104409 0.010028237905651683 0.009306112261318429 0.09774379880867229 0.10324184901624459 0.09438861860086996 0.10034422821286633 0.09340526127851428 0.009679327017610161 0.009374751936166343 0.09935143358200467 0.10094406968006034 0.09180886723965627 0.010777971581031848 0.0097743848474479 0.10268353559029622 0.09899176011997544 0.09912557088288805 0.009245556433968813 0.010753666799296686 0.09099406913573323 0.09837839745184024 0.10702864332946152 0.010008958812026333 0.009279800184925165 
0.01059284253663146 0.010287417704564412 0.009794964544358376 0.10109637562397296 0.09138320119518198 0.009309731560263419 0.010198681842958001 0.009824337044997222 0.0985276710852187 0.10471057480867807 0.010446889328994725 0.00927786416274114 0.0105099545338712 0.09256169975307142 0.10058312156038343 0.010621822798505771 0.00917814001731428 0.009237520453129687 0.10872847372912556 0.10250695006407494 0.01000529932150085 0.009338070856951132 0.009362850177365609 0.10972568781506198 0.0944822919234795 
0.009324827501854016 0.009009331346571307 0.010151949097203973 0.09387219989489515 0.10812571166777683 0.10325335512979579 0.09371310724451398 0.10758061976435891 0.010786172732328101 0.009563972432823876 0.10988810772294866 0.10981429323651037 0.09983359509742545 0.010503029489397004 0.010065810273937513 0.10349439977184947 0.09061327902972492 0.10066382649432815 0.010966721054087056 0.010350226808756167 0.009330552672960426 0.009665626355808017 0.009100737296924262 0.09434932020426769 0.10391792542772085 
0.10121757466023057 0.10083769556582732 0.0964269786081801 0.009145266223392103 0.009735090187477338 0.0923803559337036 0.09756608433374232 0.1028447954030177 0.009921422947229726 0.009971320432361942 0.0096972267785997 0.01065588220945381 0.009924448560904868 0.09355129483165776 0.10931171314606627 0.009964098766278002 0.010485180409354864 0.009650498611676 0.10483588816471726 0.10037054787712077 0.009288361969380514 0.010882123850718226 0.009596300459277953 0.108282509499187 0.10666953518419263 
ability 
0.01634433070107294 0.014435734179631286 0.0163199970260256 0.14391900678040667 0.1448466410946162 
0.015062436798955655 0.014178878047824393 0.014679305807240745 0.15329196140555004 0.13751355920189345 
0.01550961574220399 0.015118267141220831 0.015469604922652045 0.14481395567688582 0.14849848834986729 
0.014353242936708834 0.016015816625084358 0.014494084079328248 0.15521790586286469 0.15285913284896632 
0.014600690848458137 0.015133855400016862 0.014988561002681918 0.14402255882716639 0.16110606242127243 
0.013855770784209992 0.014297084864541558 0.014521325151233846 0.1380124302366752 0.16032236036967124 
0.01457506815996088 0.015551817931889547 0.016042201056113446 0.13863811275695126 0.140933705621858 
0.01626343653346035 0.01627857721677912 0.014221967341735019 0.15636762623116077 0.14868551044685085 
0.014013286367875816 0.01431467097145619 0.014611617274545997 0.15258731394429892 0.14176790128870248 
0.013715691065102353 0.01432609882050409 0.014358608343129686 0.15800081189416307 0.15558895917668827 
0.015710256738912326 0.014565963369950913 0.014208725244285686 0.15131185222592672 0.1634570928041246 
0.014511351081600373 0.014748012643407615 0.016006221527414054 0.14169251096046054 0.14835983750485252 
0.01480963265984708 0.016076252262148982 0.014843868655740658 0.1582810496858345 0.1421556550214079 
0.015326267038346645 0.014466821436965123 0.013664512364579905 0.15777127021843548 0.1579552541607481 
0.01552833166529465 0.015639449965512715 0.014167075297497547 0.16341063661682823 0.13820919937954418 
0.014859925851546645 0.015867313541632948 0.014068315646166613 0.15900074441938933 0.150066583219447 
0.016365930018421702 0.013786914820641613 0.01621218624703729 0.14375677181846802 0.16146505936258068 
0.014934010595695192 0.014649612517511571 0.015892852459138518 0.14918872685151835 0.14440721341845475 
0.013809216320056363 0.014490635215614625 0.013890584839384728 0.15441375916756092 0.14183056396104984 
0.01576859908620916 0.01472486940611869 0.014444645658909808 0.1453831130678364 0.15888788014684627 
0.013959478791509475 0.015220900119937828 0.015909340666244786 0.16268991988392972 0.15298059534427852 
0.01571499651541994 0.01627058697114912 0.01601980284531348 0.13770992426954748 0.14099698569921706 
0.014170498075102213 0.015701751699268185 0.015296640726189472 0.1551560316392975 0.1647169128945104 
0.014403697233755989 0.01526911083025945 0.014394304648579763 0.14922664268055277 0.14942833663653488 
0.015011508533586992 0.015950860172794654 0.013916847637729709 0.14683348364940155 0.1627494987814385 
0.1526150699221306 0.14513798148550358 0.1362179911825225 0.01447257754463172 0.014008248907512264 
0.16326179196591345 0.15208129320831917 0.15425891024365707 0.014730541731577979 0.014147543118102571 
0.1635513894998646 0.15681764524667183 0.1495406816178597 0.016375009953004144 0.015841575101770394 
0.1469426510364042 0.14285640194704424 0.1403389573623474 0.014471627344622456 0.015559973048178063 
0.14918512775781992 0.15639296923311813 0.14868380866377134 0.015915016213404357 0.014389812638528964 
0.15015260765386398 0.13666552830766207 0.1556749441685024 0.015457763581346132 0.013681986423662564 
0.14994196469707777 0.16342080204858206 0.13635961974620317 0.015665711168870385 0.015439403505524259 
0.1615741592274932 0.14498608253327727 0.15648745245301948 0.015121586854488634 0.014262049571979817 
0.16001367438117647 0.14891281969977962 0.15729090571947474 0.015116219673655945 0.0156063363441937 
0.15209165650197434 0.16431934142708116 0.15305837830367144 0.014351520019766865 0.015219869835563546 
0.1478202766441411 0.15068732709602523 0.1467407166092501 0.015889521759896084 0.015243901435982438 
0.13594644785913587 0.14143066914535662 0.15066681387680977 0.016319408295800596 0.014921705290769855 
0.154073016430922 0.14163440779020656 0.14009112108524005 0.014465669077658134 0.013995498535894222 
0.1567051149200602 0.16423584432395102 0.16120467313027695 0.01643028919580997 0.013660491871283096 
0.1524816571940073 0.16102124630699088 0.1565294648031132 0.014768713161722614 0.016181236139607248 
0.13716916226987322 0.15597833338331715 0.13508905236677207 0.014109103777509704 0.015675531157228632 
0.13761099680097869 0.14988064405177748 0.1530462632039674 0.014529416174044931 0.01647987852353345 
0.14630431509279604 0.16355850022396393 0.15269511214302917 0.016232321606469112 0.01593258654728169 
0.14849316758662473 0.15967756420287252 0.160686929685789 0.01383653090382027 0.013764815305163458 
0.14856335450967248 0.13837514006707896 0.15673112747362014 0.014892448815544945 0.014402131596735541 
0.1486358213214551 0.14442209293647024 0.1649976413487311 0.013805460388256174 0.014849863467038938 
0.1620747104201539 0.1605214840733624 0.1633582307985602 0.015291455960233144 0.015753001704257426 
0.16123471385825847 0.1522669808021124 0.14677512639396234 0.015412561097265897 0.015422769593144016 
0.14111555503963688 0.1488499547075657 0.1484317197542185 0.01368797969319354 0.014275985496569003 
0.14550782443192692 0.1409766266301338 0.14148794259914288 0.013766226576826877 0.014624146526041172 
