file_name
position_num 20
robot_num 200
position_x
-41.672605071076354 43.11467570452149 -84.11077669368893 -4.568707027172152 -14.635890610640828 72.74222226228486 92.92448014772 -6.96909504740529 -56.89052577773672 20.878056843009645 -52.98447002805639 75.8519347978526 -0.8732446197720947 -51.68161830384348 16.231530003864947 63.398646106430164 -4.332826370888341 55.19471976278206 -87.11777700811805 81.12774944418913 
position_y
-18.564951819892656 96.59877932252581 -74.61674577369803 70.38239690787117 -47.2470846798406 69.65733120109866 48.11439182799441 32.66927856077123 -52.22038104647544 22.55372439135759 -98.31920285674458 -91.35616043573253 -15.603370438280976 92.29522684543227 -35.41674378420339 -15.660616553384415 48.280204314168714 -13.916354391027852 -90.55796273382805 -8.245228731371768 
distance
0.0 45.62086638244428 105.78373895693088 112.43790066464372 70.53052444436554 49.46206935330014 100.71531507032682 104.64202650800387 33.40434174566288 77.22370180136677 30.733755733090288 111.6871510718207 118.74116414342998 15.627786957857518 105.77995353068543 38.9590593641874 65.30423599553485 48.474235558471065 56.922069614770024 125.65926820309583 81.545665284623 
45.62086638244428 0.0 143.00897857114884 70.30506394357502 96.37598298202134 39.41635034108091 144.47810884406937 150.2082228731468 61.8811762223536 36.9360667513438 74.8553995330726 80.55246021850698 138.241012449845 40.906708221456284 111.31109360527131 60.306481833924416 105.1113837191146 76.56718600004872 96.97880221225611 85.13669756833009 123.23320881036345 
105.78373895693088 143.00897857114884 0.0 213.309802334316 54.41510539959095 155.00567892922263 40.045388522425235 69.51080814801071 81.21185357063793 179.29914337899547 77.31194848244263 217.32019139364297 190.78466267620786 120.51663596949143 94.89392984613646 134.72491181628615 114.07721690894215 67.71964370870724 111.1733882013774 228.00907402272057 111.52246320783608 
112.43790066464372 70.30506394357502 213.309802334316 0.0 165.38347022971513 74.67166895580361 213.11469345967743 215.41683848276392 132.14056933702423 35.24966968529177 143.05507834220555 39.123566279375204 160.83618085167805 102.03462752534134 170.03310535740675 107.72752048275477 158.8548236203944 146.52024330653717 151.95577928131982 16.222344129653823 178.07006709359666 
70.53052444436554 96.37598298202134 54.41510539959095 165.38347022971513 0.0 118.05948976637617 77.31432925324101 100.00392790163781 37.78943183100329 133.30046466344277 54.1767450679412 175.51158329323565 180.6290136249963 86.06514177360722 51.95958549522867 107.8244315159079 109.64926473753306 22.103451249366568 103.33415046455768 180.8760578858313 116.30213310775024 
49.46206935330014 39.41635034108091 155.00567892922263 74.67166895580361 118.05948976637617 0.0 145.9505980176078 143.7464592935437 80.28327888056056 42.54630265786629 78.31598438846639 63.86685210975624 100.6660673275608 34.50702936607929 144.3760459568526 33.056839248479314 84.18487922038929 96.08129930050613 77.37733341690172 84.43610610126551 103.40125494391327 
100.71531507032682 144.47810884406937 40.045388522425235 213.11469345967743 77.31432925324101 145.9505980176078 0.0 29.51985383072644 87.87496882144391 177.9292727662039 70.06169730405215 209.81734234413494 161.04351834562536 112.64379347439669 126.46646361952666 119.30641044613955 85.82805266587935 79.98465275129921 85.39599386049483 226.32754975342303 78.35257436836777 
104.64202650800387 150.2082228731468 69.51080814801071 215.41683848276392 100.00392790163781 143.7464592935437 29.51985383072644 0.0 101.08055148791733 180.3097408578252 76.44628722709729 206.7177287841844 140.51158939202227 113.39297332630355 151.2047284056333 113.39867379485185 70.27820835706278 97.25744786408447 72.60405150674153 227.2558828314214 57.58098370892389 
33.40434174566288 61.8811762223536 81.21185357063793 132.14056933702423 37.78943183100329 80.28327888056056 87.87496882144391 101.08055148791733 0.0 98.48047295985883 29.6274923772192 138.83586351759698 149.13628835030252 48.65601744719529 74.52827278826874 71.93035132355473 85.3662565469429 15.831958672661862 77.68243732836281 146.99919801521665 97.13419025417875 
77.22370180136677 36.9360667513438 179.29914337899547 35.24966968529177 133.30046466344277 42.54630265786629 177.9292727662039 180.3097408578252 98.48047295985883 0.0 107.88475001995428 46.264010243541975 138.39136558350194 66.92339840602153 144.6094521165169 75.02797656187778 125.72231803609462 113.41375324347904 118.44957039136791 48.820660448001156 144.85461095999617 
30.733755733090288 74.8553995330726 77.31194848244263 143.05507834220555 54.1767450679412 78.31598438846639 70.06169730405215 76.44628722709729 29.6274923772192 107.88475001995428 0.0 141.65428838303467 126.4815762026822 43.92132740665793 100.64185820009763 58.1563873719871 57.16936561786826 36.020000022815196 50.076940804552784 156.3884711016329 67.66536020736683 
111.6871510718207 80.55246021850698 217.32019139364297 39.123566279375204 175.51158329323565 63.86685210975624 209.81734234413494 206.7177287841844 138.83586351759698 46.264010243541975 141.65428838303467 0.0 129.02442857157834 97.76240967893727 190.6188821531104 93.52846635004582 142.7496816488339 154.46154412476682 137.20997752688754 35.00456389730767 161.55311271068126 
118.74116414342998 138.241012449845 190.78466267620786 160.83618085167805 180.6290136249963 100.6660673275608 161.04351834562536 140.51158939202227 149.13628835030252 138.39136558350194 126.4815762026822 129.02442857157834 0.0 107.82039857589425 223.5903379331037 81.75457787251013 76.71310033414372 161.0214590800105 80.14763934918248 162.97166651198134 83.27821557255785 
15.627786957857518 40.906708221456284 120.51663596949143 102.03462752534134 86.06514177360722 34.50702936607929 112.64379347439669 113.39297332630355 48.65601744719529 66.92339840602153 43.92132740665793 97.76240967893727 107.82039857589425 0.0 119.26272733848229 26.175237883739022 64.27191622037247 63.97718209677951 56.09333875913477 114.26421256489776 82.33046384453789 
105.77995353068543 111.31109360527131 94.89392984613646 170.03310535740675 51.95958549522867 144.3760459568526 126.46646361952666 151.2047284056333 74.52827278826874 144.6094521165169 100.64185820009763 190.6188821531104 223.5903379331037 119.26272733848229 0.0 144.64626906757644 157.79078357333907 64.64696671877124 150.67664592524218 186.25522887431495 166.5734413681349 
38.9590593641874 60.306481833924416 134.72491181628615 107.72752048275477 107.8244315159079 33.056839248479314 119.30641044613955 113.39867379485185 71.93035132355473 75.02797656187778 58.1563873719871 93.52846635004582 81.75457787251013 26.175237883739022 144.64626906757644 0.0 51.13747553989319 86.18626267619132 44.50165053396962 117.13937547685477 70.35488986497646 
65.30423599553485 105.1113837191146 114.07721690894215 158.8548236203944 109.64926473753306 84.18487922038929 85.82805266587935 70.27820835706278 85.3662565469429 125.72231803609462 57.16936561786826 142.7496816488339 76.71310033414372 64.27191622037247 157.79078357333907 51.13747553989319 0.0 93.14494584872693 8.387303377309788 168.12140283756534 19.217416103935246 
48.474235558471065 76.56718600004872 67.71964370870724 146.52024330653717 22.103451249366568 96.08129930050613 79.98465275129921 97.25744786408447 15.831958672661862 113.41375324347904 36.020000022815196 154.46154412476682 161.0214590800105 63.97718209677951 64.64696671877124 86.18626267619132 93.14494584872693 0.0 86.09262839212903 161.64586193669177 102.46284497138699 
56.922069614770024 96.97880221225611 111.1733882013774 151.95577928131982 103.33415046455768 77.37733341690172 85.39599386049483 72.60405150674153 77.68243732836281 118.44957039136791 50.076940804552784 137.20997752688754 80.14763934918248 56.09333875913477 150.67664592524218 44.50165053396962 8.387303377309788 86.09262839212903 0.0 161.63781385102507 26.545879053147782 
125.65926820309583 85.13669756833009 228.00907402272057 16.222344129653823 180.8760578858313 84.43610610126551 226.32754975342303 227.2558828314214 146.99919801521665 48.820660448001156 156.3884711016329 35.00456389730767 162.97166651198134 114.26421256489776 186.25522887431495 117.13937547685477 168.12140283756534 161.64586193669177 161.63781385102507 0.0 187.30174411941047 
81.545665284623 123.23320881036345 111.52246320783608 178.07006709359666 116.30213310775024 103.40125494391327 78.35257436836777 57.58098370892389 97.13419025417875 144.85461095999617 67.66536020736683 161.55311271068126 83.27821557255785 82.33046384453789 166.5734413681349 70.35488986497646 19.217416103935246 102.46284497138699 26.545879053147782 187.30174411941047 0.0 
lay
0 1 2 
3 4 
0 1 2 3 
4 
0 1 2 3 4 
0 1 2 3 4 
0 1 2 
3 
4 
0 1 2 
3 
4 
0 1 2 
3 
4 
0 1 
2 3 4 
0 1 
2 3 4 
0 1 2 3 
4 
0 1 2 3 
4 
0 1 2 3 4 
0 1 2 3 
4 
0 1 2 3 
4 
0 
1 
2 3 4 
0 1 2 3 4 
0 1 2 3 
4 
0 1 2 3 4 
0 1 2 3 
4 
0 
1 2 3 4 
edge
2 3 2 4 0 3 
1 4 0 4 


0 3 3 4 
1 3 3 4 
0 3 3 4 
0 4 1 2 1 3 
0 3 0 4 1 2 
3 4 0 4 
2 4 

2 4 3 4 
2 4 3 4 
0 1 1 4 1 2 1 3 

3 4 

3 4 0 4 
0 2 0 1 0 3 0 4 
demand 
0.10608613299127943 0.10199050927768383 0.09609359853897802 0.009588655715944533 0.009003878936303318 0.09065452059427087 0.09765035810277328 0.0966115808169252 0.009126854577761481 0.0103403461182989 0.10672503448137656 0.09097495027412839 0.10715759570702275 0.009121638193160066 0.010684189508283773 0.09260921539309838 0.1085071373113685 0.09326002014473495 0.010845210239602561 0.009841739792049303 0.009057581277085888 0.010428666483765246 0.009434030110593733 0.10900755250870944 0.09891473413496346 
0.009994716245005055 0.010935580465289823 0.00986052674727589 0.10457426988477392 0.10124611021490466 0.010764216626658945 0.010843429630898238 0.010236397417386434 0.10129319417722903 0.09758577594371129 0.10402251113195447 0.10369016746484883 0.09913792060478584 0.009519936282221461 0.00984063022143279 0.010460747269049473 0.010249076250352296 0.01019457532147503 0.09910101285607548 0.09605680682231779 0.009151716021766976 0.010865684269514318 0.009608978444610233 0.10278956263377653 0.09742475154549465 
0.10290451974466763 0.09853306349786717 0.09644997040130383 0.009800782537126369 0.009093406115683067 0.009040886309573896 0.009455432099760812 0.010112927122255786 0.10500805518294423 0.10925299602493815 0.009887618972293458 0.009315084249617599 0.010221878157071833 0.09989184310810645 0.09396917865172921 0.009868846224137405 0.01075695028154966 0.009420170651970377 0.09704100594675977 0.09483871135972244 0.0994569408553111 0.10793163733342304 0.09724765416441002 0.010114910641507817 0.00934912296982238 
0.09552690949163892 0.10411948857040182 0.09682961601139374 0.009258047585383825 0.009250502285815114 0.096058779844655 0.09633616124965368 0.09385271286773668 0.010116286620484059 0.010239356046071981 0.010138338395885472 0.010912307043433442 0.010879904772660286 0.10469096015375029 0.09248493955162661 0.009902142271770551 0.010366897841917641 0.010355361972170112 0.0980009774321466 0.10138817475262799 0.010644211790500624 0.00910746864012273 0.009335042102650086 0.10160279074012371 0.10096971971197935 
0.10347550481053286 0.10179373640334428 0.1086013583652744 0.009232855517435612 0.009080989407408889 0.09315370637980747 0.1024536564506571 0.09001389999627699 0.009154706851911016 0.010461123565192966 0.09801828643522549 0.09792361636768217 0.09813834690594817 0.010679473948527878 0.009652118151667275 0.009156418351397683 0.010808848143573132 0.009343967973209218 0.09707752216182439 0.09955148294055356 0.10446008183108778 0.09400627234338145 0.09332028787057797 0.01006004392799795 0.01096006978882383 
0.10846889880054374 0.10898214850080246 0.10490787787975549 0.010167385540089717 0.009032568112721344 0.010885861753122285 0.010731274132288877 0.009018782309820058 0.09558985004417597 0.10621433578120215 0.009688786375901384 0.009573348130921918 0.010363833085363107 0.09940223344196049 0.10794412099439477 0.09623510155754705 0.10010063090961917 0.10495052707098229 0.010367530194486718 0.009632568289398706 0.010879139393882699 0.010582567623277783 0.00948643890781868 0.09271668235903803 0.09724001886086653 
0.010086016664919002 0.01005295766657684 0.01048512888140569 0.10973375876021552 0.09773988552009144 0.010829262870840406 0.009086402926002494 0.009511549847874045 0.10978707218319209 0.09387330853185633 0.09156471013500378 0.1035899513412073 0.10609971316511435 0.010626249948239505 0.010988125734976475 0.10177827546821737 0.09859177091039405 0.10870429919788666 0.010216024366363876 0.010409762235660895 0.010033815057673028 0.00934823443822678 0.009741710557791126 0.10525560921792079 0.09506626538040797 
0.009684894922267545 0.010601051528108193 0.00993298350466864 0.10793782009480216 0.10294489535991108 0.00941716360459722 0.009466113079973627 0.010659376677888145 0.09570372078930689 0.10409540917875955 0.10726563093251373 0.09538145670857258 0.1015278320601504 0.009512829976393767 0.00970165829460413 0.009592413034438462 0.009270468221248124 0.009185342545429194 0.09040042864975306 0.10591322913927581 0.10025374985019231 0.09103435814751941 0.10645144587217562 0.009003354840846632 0.010120182841175638 
0.09851748418234872 0.1053111303956394 0.1024112144311145 0.010465006640158507 0.009890279526711603 0.009310835852849645 0.010678051106494463 0.01019614394262765 0.10816559604115912 0.09917315416854226 0.010428701906391082 0.010616956192477031 0.009471538897265685 0.0923236181852299 0.09378316245738627 0.10920326561883752 0.09405560188147132 0.09944296099796399 0.010803175513107673 0.01003817385389293 0.0107131719140826 0.00984537264522931 0.009850844750191655 0.09967726860135007 0.09336802143863264 
0.010565841402600504 0.0106459300778068 0.010243256551529028 0.1064933588499205 0.10417999420135667 0.10935990324895668 0.10015429225775062 0.09193309935516977 0.010681735830743081 0.009658033525769728 0.010522671815395441 0.010216977770320856 0.009995183889226497 0.09974489379151537 0.09368858451408575 0.0920367299595097 0.09369060194127221 0.09835184976619234 0.010168174170027862 0.010739771383098663 0.009347271688397609 0.009526113836364026 0.009036973692649093 0.09751290358117509 0.10812715359458998 
0.09533745129953997 0.10996352615436067 0.10731615588375076 0.010034141332168406 0.010528262321252908 0.010255891644835431 0.009310623357962294 0.010417707779936706 0.09132739648507901 0.10400918788701402 0.10635839289478335 0.10828258073918735 0.09202754161064744 0.009976070208357531 0.00992560411923592 0.010787085485049617 0.009231200087280556 0.010229143717019685 0.106467194036816 0.10278808445725968 0.01045013451338096 0.009750856041383163 0.010072371330356916 0.10345309421137312 0.09811726669646176 
0.010846823406420887 0.009666135038711192 0.01063402248254501 0.09599009326453492 0.0978120224785802 0.1020979617714346 0.09539254048946305 0.106500090710779 0.009779536897276085 0.010267192750391856 0.10556054057521758 0.09839634836946287 0.09740648318287409 0.009389090305828294 0.009901998559800545 0.010359219171867703 0.010660185119822032 0.010383534006977913 0.1002361800863822 0.0936849473346468 0.09606094884439398 0.10091227663531113 0.10319002735163817 0.009108037354335788 0.009447893461276023 
0.09155222930455081 0.10170003048521024 0.10941395605559048 0.010945821031673577 0.010723635098087736 0.009900832423558189 0.01078331747639956 0.009507024918816054 0.10993249330669952 0.10030622369730474 0.09702742010596697 0.1012452341765404 0.10226291041672596 0.009504596473150394 0.009197847165976667 0.10744180460116202 0.09550367065446883 0.09077895493795017 0.009984883101965802 0.009544845769045322 0.010859803886190962 0.010892215902143617 0.009887310664560814 0.09173425364850571 0.10574408331422319 
0.010967490878431302 0.009755689343533512 0.010385732555707388 0.09332776871461111 0.1022307067855671 0.10750379362578733 0.10009341282494617 0.09886507909245382 0.00957574409353933 0.009086678453888827 0.10316564240258977 0.09103902858206075 0.10866053655865278 0.009944413476504469 0.009333188839602182 0.09523852015470664 0.09791538522979076 0.10214370366170474 0.009456296317195972 0.00965002620058041 0.009582257469834961 0.009919339993280237 0.009217496205678521 0.10713348963832224 0.10271279132010368 
0.09110729688074645 0.10855214016793546 0.09034192568681806 0.00982655701840583 0.010974016323397959 0.10472033111162567 0.09136434997188807 0.100734281286973 0.009471051965435098 0.010789728919482284 0.010041459636589216 0.010083635024687794 0.009917379604753324 0.09879154218787266 0.1093360831959601 0.10336081138041697 0.1050722427249836 0.10846368162276916 0.01036283716766399 0.009136013738767454 0.09829940807152465 0.10975829102029883 0.09370109450283054 0.009108865912377915 0.010615613827984172 
0.10516185551700122 0.1073512129345589 0.09197682278777652 0.010877988028076385 0.010816471414817983 0.009831350221910215 0.009531594158628582 0.009866328694413107 0.10173533528038009 0.10716395136752153 0.009710957195637651 0.010108261097573115 0.009006442193586296 0.09730744553190428 0.0933367153561488 0.10110853748932742 0.10064661115097509 0.10824494636652758 0.009615942051555295 0.009778984101005235 0.00977798342890076 0.010807648610029556 0.009519551511414181 0.10040314481936777 0.10158136121265444 
0.0931700835378643 0.09540943550697328 0.09342885647036524 0.010034515913921628 0.009057942657749637 0.009408244609413951 0.010875854427173249 0.010788650071278095 0.09837502381177224 0.09282881092376635 0.09716692019832099 0.09029872087357543 0.10565921925999854 0.010219000867256361 0.009392042161558884 0.09231833683574048 0.10535179577602467 0.10720215249955499 0.009781944601867721 0.009184627359199013 0.010187178080043458 0.010899738430135402 0.010449494388789001 0.09524471410812403 0.10513178410063956 
0.0100197341146705 0.01013117499932501 0.010249389102414278 0.09996393352603687 0.10791958236108821 0.010554694954231154 0.009083495359908376 0.009536248375632734 0.09755879583922264 0.10781240980752044 0.10809176404953469 0.10355502665448164 0.10181437978103867 0.010536530915184455 0.01042783035644551 0.10183298184651908 0.09428050859658293 0.09736975614443029 0.010939594820592733 0.010645345970916565 0.10336344521667669 0.09915179660109548 0.10241803173321927 0.010094473938687181 0.010082534208024612 
0.09014124083695986 0.09538273778886767 0.10843068709302153 0.009462784606904053 0.010721791676467736 0.010069965595300281 0.009148567411728975 0.010236044647343862 0.10543646107575598 0.09541563614757058 0.09668929746609882 0.09214236006580263 0.09270966446007378 0.009027288602982155 0.0106752471124982 0.00983919249596163 0.010045745372002313 0.009253331017836677 0.10729971273380295 0.10483258163354284 0.009304229542116252 0.009082719786382613 0.010196120368155391 0.0948842449254611 0.09793167448653321 
0.010390114053400313 0.010938471418444555 0.010057128407558283 0.10993794497503923 0.10697752697194561 0.10166771931406633 0.09645433759118507 0.10366793586908929 0.010625863989203814 0.010908022234052054 0.009748603557044102 0.009513208293466621 0.009013998846589124 0.09869133783504286 0.09096627898019666 0.009173621888979083 0.00951578625175977 0.010336534491798046 0.09180552712384056 0.09555698397647078 0.10413774810705015 0.09564451753968624 0.10911581390696844 0.00905570881586222 0.010910187149671124 
rate 
0.09586745300199906 0.10339283768139958 0.10039847971529588 0.00952369416614019 0.009836927243002632 0.10857425110121857 0.10902363943605363 0.10811677307548602 0.00956384933898118 0.009622237520878004 0.10846413437859688 0.10703499739675393 0.09916585406363883 0.010494909762314715 0.009521404899324702 0.09606191708267699 0.1007795405819113 0.09470572990648012 0.010962233603478214 0.009436626253498564 0.00970577083275238 0.010370280115458716 0.009275394917643315 0.09212885399030271 0.09629747683219111 
0.010321170426787754 0.010840790840696198 0.009327156330349336 0.09679852763704291 0.09763582231799156 0.01031072570924312 0.010830702801465353 0.010897339480836581 0.10518361461960656 0.09093573823210897 0.09308695522508852 0.1055071219408494 0.0925874534119554 0.010403322887245032 0.010091768102310475 0.01029135178303533 0.010225525362904813 0.009150942155897361 0.10228724791114317 0.10546320512096963 0.009517508180074054 0.0103030753448657 0.009814554908828023 0.09974477326977654 0.10494057335476925 
0.10985430955159495 0.09163808011511493 0.09568884156397098 0.010319606178300791 0.010240783580336048 0.010983368751963003 0.010262706935795576 0.009559502966205724 0.1084634569138267 0.09969647765180746 0.00962926973410141 0.009770692736997733 0.0094562242583651 0.09304516099291368 0.09838596641201652 0.01003818430562581 0.00914588979513837 0.01045354843755452 0.10747590832501044 0.10006447714450278 0.10201024939417014 0.10834380752807371 0.09350790125334377 0.009683227557241573 0.01085225749236112 
0.09972812215535837 0.0952380641116465 0.10212909659309424 0.009917099608334805 0.010170405301870074 0.09000733751179277 0.09913755972867618 0.10703507885614401 0.009068026206699574 0.010107658016233931 0.009972581520697396 0.010604821650665204 0.009043708094604384 0.10801636126169117 0.10283866020380741 0.009555886645855586 0.010815460063316218 0.010708574569632234 0.10959934939947476 0.09978035930736132 0.010770907142596335 0.009598400063372625 0.010112698102219127 0.09183095070363911 0.0907596486812367 
0.10077872319050969 0.10707135374490945 0.09097931282877342 0.010408250682197993 0.010334075205041836 0.09274706725414891 0.106053206468743 0.09854620438728957 0.010103190914603774 0.010332006291541821 0.09080452574797418 0.1098369516598591 0.09959066842432851 0.010581046015385034 0.009453683732318642 0.010339792511377155 0.009083410120476558 0.01090670866525806 0.10263398560171846 0.10428993598994124 0.10802288156284168 0.09139630377465549 0.09345117704727056 0.009874329829117158 0.009717608331068705 
0.10502041882164798 0.09834916880771395 0.1010469512618531 0.009665884895694327 0.009924287794351078 0.010943311595604218 0.009732298569936218 0.009097815386206853 0.10320825611212846 0.09296215059140768 0.009820133846789147 0.00923481750040343 0.010883620045533374 0.10783506562681625 0.0991218681421916 0.10367530598630491 0.09816530293743114 0.109772235480956 0.00902893513806202 0.009711649911169455 0.010226028791035941 0.010875381826919604 0.009133177061263886 0.0945982913744552 0.10557611743361046 
0.00925323365206037 0.0108027616960321 0.009844928020136996 0.09089911041240051 0.09285332370922304 0.009500026895932732 0.010057270097576884 0.009011173705411584 0.10106270971918901 0.10043141102430464 0.09650581959326503 0.10817252556765969 0.10335028289941076 0.00989331901608145 0.010419812038146521 0.09270768559691028 0.10647425308661705 0.10105257647698374 0.010159551852100213 0.009984745714172854 0.009328750348376822 0.010219967340586548 0.010287038666832195 0.09444514526015713 0.09800345673807938 
0.009929695053032655 0.010451725828958997 0.009553374731564897 0.10303602749084169 0.09377293617431766 0.00904875130342697 0.00911984909644288 0.009659988628105898 0.10393325531042075 0.10654310344754953 0.10978576311135779 0.10756682731849883 0.09997708291907406 0.010647540272632794 0.00933960904181962 0.010405648805337404 0.009721879493920308 0.010281320644310032 0.10350777740261437 0.10463348820632018 0.1095936875381485 0.09459675719940704 0.10971132248225522 0.009162680180774947 0.009758578719640322 
0.1054789246778217 0.09624395211047768 0.10167752340709141 0.010947671017031441 0.01099192058768708 0.010777965479867426 0.010196596279701362 0.009117333094690552 0.10943006527016473 0.10566923695703456 0.009258050295483286 0.010662353300618758 0.010117901764885211 0.09880893165261069 0.10362797783633204 0.0932828662370949 0.10066511279649988 0.09474228257408895 0.009753669990973365 0.010440211548970974 0.010123798500961604 0.010497043402580073 0.01057716386115406 0.1041251920118004 0.10828991846334822 
0.010123657821463563 0.010644765183168557 0.010751629829010536 0.09693425749000609 0.1021103933366625 0.09362881963205628 0.0987239472907455 0.10781422368541263 0.00927556616591363 0.010726700911377028 0.009726652732806075 0.010993844336117964 0.010440107453755385 0.09334627601680898 0.1084652300238906 0.10134330636004824 0.1007310043963696 0.0967625806831735 0.010175057688067955 0.009577192533685438 0.009497505987861463 0.009890535331074996 0.00967500127127276 0.10726712196539312 0.10007837959357638 
0.10745129338653124 0.10242471289804554 0.09442199906409451 0.010309112785326485 0.010373049974045303 0.010268081427791367 0.009250248017339318 0.009201107914787308 0.09983765432746894 0.1097542939613871 0.10355961421140643 0.10455051651649219 0.10880760569358211 0.010745636361936433 0.010322889839456069 0.010266902139356061 0.010766309406498697 0.010992999570465676 0.10565956493100259 0.09949618446631453 0.010089205865645663 0.010543205688288712 0.010773716087164511 0.09383047750024814 0.10239987756485212 
0.009085660086186014 0.010791427561613368 0.009863620351915854 0.09147959395916973 0.10413507014235711 0.09968827253231231 0.09463033241944302 0.09076780999946898 0.009411209107092495 0.010600680008015825 0.09618117039959924 0.10358419649533533 0.09179792411695156 0.009413378515216926 0.009851008667436292 0.009719868239061274 0.009805581592889832 0.01040452490316398 0.10093886892302689 0.1089112729691577 0.092638724285806 0.10693926391945757 0.09955408736109228 0.00998400767917145 0.0104451429496551 
0.1094012151373248 0.09754294750792157 0.09799226695674752 0.009755231861637563 0.010795598066976496 0.009426854390819906 0.009726831590657157 0.01054822569365438 0.10383144146590709 0.10341650167835048 0.1072626413725826 0.09455317026476727 0.10603987706027161 0.009502835519040062 0.009293435319078286 0.1078320785821563 0.09911780518124258 0.09574747811024219 0.010496851821334321 0.010650411484293281 0.009927758847252503 0.010700706277459806 0.009080202711552977 0.09610542419684158 0.0940346174596201 
0.010551079088606528 0.010424171198174932 0.010892387679136783 0.10840433437012423 0.1035835954744586 0.0927262475024805 0.10224959146438828 0.0952648462450035 0.009970963717218333 0.01092300565199354 0.09916053659637865 0.10870809600957268 0.10561793051933295 0.009930596334985413 0.009699105523146127 0.10263654100353253 0.10565527041893948 0.10759249957707051 0.01027324740709424 0.009903728646563817 0.00904276987919234 0.009081589168261201 0.009024663649717204 0.0928552633992946 0.09185888722523028 
0.10671791854844664 0.10234400539125921 0.10840702129270395 0.01087033723822623 0.01094057717080346 0.10338640240627009 0.10996208452105061 0.1010230350465065 0.010760636205770805 0.00922368213009937 0.010834286336889452 0.00960566044605168 0.010848168211090305 0.10011405996898921 0.09506013149999046 0.10014479811270782 0.09239975763726975 0.0936310802329148 0.009082581051239994 0.009880493004256106 0.10980612865369457 0.09939637409234492 0.10914135298099584 0.010548695969908504 0.009397700537037092 
0.0975448274558391 0.09053386629976222 0.10543710978734105 0.009895457537659176 0.009191919640117122 0.010145202499484534 0.009169882536070682 0.010007111822479257 0.10121159536224418 0.10844598916021231 0.010624248049086234 0.010369830982358766 0.010027720942382088 0.09081265977534568 0.09193406680684815 0.10452913788443655 0.10189504470267532 0.0956499587422906 0.009726433992129866 0.010353677978011226 0.009099871526467372 0.010087594037712939 0.010492568972764295 0.10126962499701145 0.09907941032489162 
0.10993008722008102 0.09811049880993722 0.09286523241680517 0.010482501149826556 0.00993084168199111 0.009015261565188823 0.010104719194806124 0.010401100595744193 0.09502679989428418 0.0932974137648987 0.09256820422853049 0.09185891889682668 0.09107114178075641 0.009973862436712002 0.00946403231057919 0.09400552969426544 0.10293244461585066 0.10010086648144308 0.010603488333140605 0.00918757325030177 0.009887368574991076 0.010987193516588525 0.01028765216878579 0.10554956906863262 0.09156190394138933 
0.010014324886822776 0.010307342335618735 0.010451224962013735 0.0922908099313697 0.10409662558192866 0.010588789216680779 0.009487028885541544 0.009465477250953086 0.09609872421756815 0.09948977281243437 0.09952633359899525 0.09023455026866106 0.10083176481804708 0.009671072757774454 0.009953110640417784 0.10641533981676786 0.09294210802128902 0.1095764294330923 0.0097594803631153 0.010564564083440961 0.0960008406689792 0.090562420985575 0.09652683370043341 0.010304321739883137 0.010232638366801536 
0.10568606132086598 0.09698948513933255 0.09983648519532419 0.009135121471203775 0.010321012656994363 0.010265119422415812 0.009485737603521694 0.010089361993231002 0.10434525992937282 0.09071931156062085 0.09829742780581326 0.10022821844486673 0.09856231697566897 0.00917195926644997 0.009868246726540382 0.009588336752145207 0.010666921152160969 0.010469189479377921 0.09499633541051072 0.0999391693101458 0.010577517699338916 0.009750571496886304 0.00965520092349164 0.09531353920008263 0.10144219109327231 
0.009764833583857864 0.010607383380697888 0.010236769208103196 0.10120811127487728 0.10792976626131034 0.10915813354194243 0.10552733016657855 0.093306108173657 0.009433857189046763 0.009027677591753993 0.010797587136410896 0.010246143483459163 0.01021029515920507 0.10899310170966162 0.10092379582964657 0.010764172770517595 0.009504539355968362 0.009496683151649647 0.10742638524808662 0.10369264558872548 0.10448938354732143 0.09964350038280133 0.1000338900268084 0.009114295583763837 0.009304928204972066 
ability 
0.015578026337102861 0.014587985830536237 0.01557383901530637 0.1532018663612455 0.15291175077972222 
0.014136742495213055 0.015394887398616552 0.013849353079324915 0.14810476741773695 0.15181891690890878 
0.015562115174816439 0.014054231642920252 0.014889339426881266 0.14744529167411496 0.16488960805499497 
0.01617206292402147 0.015357130636403898 0.013650806910013217 0.13531558421137455 0.13975138453613042 
0.01636699365213096 0.01544177404491576 0.014373744580229436 0.15217788692575007 0.1401439288959767 
0.015187989597782588 0.013621907762701824 0.01446847645024446 0.15099171465618932 0.1508876643941075 
0.013729325987303146 0.016144197754542185 0.01578897842970335 0.14058246605861807 0.13878682179440585 
0.014082116854359734 0.014614919079928906 0.013741590165136626 0.15815860518959804 0.13658462147668812 
0.016384118057506634 0.015127766830355787 0.013813587393387386 0.14133071843615766 0.15357821489498247 
0.016412844407849663 0.015438806583045842 0.015528110323981539 0.15945957073946757 0.14724819527781854 
0.015618758661111072 0.014670391306943935 0.016300818065942125 0.15184188539402374 0.1595365022073082 
0.015953307368780974 0.013848236758054678 0.013740888491212919 0.15800880575152063 0.1370280709622419 
0.016305613713679248 0.015482770111239086 0.014081619211278469 0.15979985431975233 0.1409524657368876 
0.016169642084691495 0.014498149469212584 0.0146642195179938 0.1559067752467986 0.15590603336869 
0.015249483264157017 0.015209909385503134 0.016430937050189002 0.160416620816722 0.14846829157820945 
0.013589292940256344 0.013856849114589384 0.01541163586965301 0.13800246411523628 0.14111370468974183 
0.014614623273140788 0.014699057671036783 0.014631631511104066 0.141338949514473 0.14044962667917704 
0.013831833004696871 0.013862334180371973 0.014768820678317742 0.15545938005147877 0.15696833882080966 
0.01614716178657343 0.01571210467704939 0.014125695643720366 0.14355575625138572 0.16012370800779846 
0.01490987578245841 0.016315601874841348 0.014673745899286043 0.14184067177164977 0.14832236782215596 
0.0152731874129338 0.015529523435949481 0.015242056530282112 0.14710625420147763 0.1552557371242578 
0.014601437501660729 0.0138134732762363 0.014442821238205854 0.1395096000180666 0.14447621545157047 
0.014053644336227463 0.01579027966461455 0.014895163642179778 0.15043493696899957 0.16289692183843965 
0.014739489999169075 0.013627930539679896 0.015547096610531904 0.1542527445789532 0.13561309139066233 
0.015180583047606904 0.01371490164788324 0.01471442410108127 0.13881447197360935 0.16332748152460072 
0.014348981489870856 0.013990723105536076 0.013833086928800252 0.16293506127312182 0.16385873653177294 
0.016117147488255584 0.01460727088898555 0.015037049558422198 0.15707055798900105 0.14165417528805 
0.016298317598002092 0.015248283510511575 0.016408356211843854 0.14458324406214232 0.1456420626476736 
0.014283567461942473 0.013902130415467803 0.01609056435698442 0.13987932668994033 0.15930899397034495 
0.013679229706442435 0.014826915126838302 0.016438347745469893 0.1418545416771102 0.14228133209386493 
0.015401247447110957 0.014331964579861429 0.013901718940695666 0.14108961220071808 0.14556124411913485 
0.015865539793841348 0.013744416968383933 0.015263454043182276 0.1379577929932784 0.15106318082358075 
0.014643516903253896 0.01502396420579887 0.014986535179182471 0.1378202319217727 0.1378815683491058 
0.015210018430834808 0.015317004651573738 0.016280282323646634 0.15284504045254094 0.14892709492088016 
0.01358780994143201 0.015175587527803618 0.014122962823988191 0.14346771045199289 0.1496662752257 
0.01615808106675583 0.013911304663389157 0.01505557839912792 0.16184138065250647 0.16397823417847318 
0.0135379457497489 0.015822122404231104 0.014393516950612278 0.1457390984256994 0.15341714564164238 
0.014461779213091943 0.014507420324041367 0.015375302307294282 0.16215708715042587 0.15068827220931372 
0.013839280864298888 0.01635221971774517 0.01375834201664519 0.15047665925865955 0.14029745695676088 
0.013656402838183104 0.015539126588558938 0.015952940593095283 0.13976607841090757 0.1565525834728549 
0.16126424807211945 0.1577917163350415 0.1398448990218118 0.01628140536238214 0.014311049306811482 
0.1357104869368658 0.15095036016817967 0.15797341480352425 0.01419357967184464 0.015734590596239054 
0.13855221182654845 0.14549942504444835 0.14093776343533443 0.015187480785735502 0.014697010081535804 
0.15311878564736034 0.14770513787594292 0.14905790892329324 0.015776981522827735 0.015448320019435588 
0.15632029490163601 0.1538587340274442 0.1578765353663907 0.01564793884030881 0.0159521815747516 
0.15015971666420538 0.15757910777258122 0.15987505199499788 0.014607376578098304 0.015789372478338226 
0.15374165620731867 0.13724177028728343 0.16197488090382858 0.014212826125525133 0.015018445768692103 
0.13907468608952156 0.16027585775765538 0.1568249445561631 0.014292035936298996 0.015463818328003495 
0.14508469794703593 0.14771351451530518 0.16017159163613776 0.013597279340761775 0.01367798004226914 
0.15825911868841608 0.135315961561844 0.15240702227214556 0.016004966123675135 0.016404127621583525 
0.1353026302561939 0.16075474421096972 0.13732939715353215 0.01472935148826898 0.013564621075756251 
0.16021895939546466 0.14290453389269037 0.1458588534038299 0.0151995221914106 0.015731668344762396 
0.1550136023396026 0.13531451607571418 0.1489761343344315 0.016315541912272823 0.014800182113425216 
0.13674175810876543 0.1532240877567961 0.15403735945056132 0.0158016022931457 0.01626544598627169 
0.14546570109061244 0.1630101753016678 0.1438395738370931 0.0144316603340615 0.015916859444011243 
0.15271896786513153 0.15291920274599197 0.1638660744300074 0.015938328349427835 0.016339605417677306 
0.1641496377317605 0.15503748314569246 0.15462100699369122 0.013559507385523787 0.014588063743503547 
0.1420090323709497 0.13922849974516638 0.15078802461909532 0.015102957660122937 0.01635203034686992 
0.15136280871792443 0.14947535229986533 0.14016548480224628 0.01400277505501668 0.014480948689057565 
0.15631879799979245 0.14603530198943598 0.15599938937884697 0.013517178683353864 0.014219777505389292 
0.13660263148720553 0.14548539789191753 0.13656955928468859 0.01586428854202755 0.015613622643572326 
0.14470160625732711 0.1469439002191095 0.15209315487582284 0.015723763890149484 0.016234068539759425 
0.15224664682725864 0.1597656584110757 0.1597403308828405 0.01507096610057662 0.014386982378445686 
0.14500963338607026 0.15784026325228873 0.1646386810761578 0.015619143688556648 0.016480093289463003 
0.15176602540622383 0.1417973400925726 0.16146090850047545 0.01516161974404475 0.01641836695251003 
0.15230760647410135 0.14493108530543575 0.1473690264530961 0.01401350089467356 0.01605826305712455 
0.13928840501908848 0.14119030513441258 0.1617485687692345 0.01496932702755131 0.01531857489040748 
0.15183139966964784 0.13753851883412463 0.14352884025745893 0.014614070273722995 0.015038455531958546 
0.13961821064365398 0.13858787901598152 0.15431088167498166 0.016492093132871276 0.014915193671005323 
0.1546209975922139 0.14310051211905567 0.13641603549833428 0.014982526513936712 0.01571268194617692 
0.16262470407913646 0.13921336716470584 0.16048897389218922 0.015554681294124342 0.01506333357051664 
0.15405347888233215 0.1622968701083444 0.1544997381567811 0.013682794201142962 0.014368471959110535 
0.14371606703358475 0.1499474886533846 0.15403871356516316 0.01470750771290479 0.015080047164669408 
0.13948086369382862 0.14604941494033286 0.16379161447324544 0.014482379103154404 0.015430792568187352 
0.16466569421904353 0.16288127797715887 0.16438818946239483 0.015331496978590403 0.013591632591575614 
0.14338235903339924 0.15995473073471916 0.15528265110976072 0.016379212132632298 0.014378311581180542 
0.13913449511458914 0.14981808963361887 0.1434231903100538 0.013935053622545919 0.013884338293086686 
0.14138358805105397 0.15433418390395 0.14129259894000787 0.014404525382037493 0.016349474660013526 
0.14161850923925565 0.15812356130438515 0.15685042315035966 0.015737084562999694 0.014141314816898226 
0.1532951087734961 0.14090881774046327 0.1634858617009653 0.014980098598827119 0.0144075810663129 
0.14576168369400289 0.1509899811998261 0.13576018601187342 0.016464123312116483 0.015705619964147644 
0.15404354388005942 0.1592303189245887 0.1646119270458982 0.015244170205759057 0.014811777627305268 
0.13782261266678936 0.13908648343799196 0.14607195876294965 0.016214680278810983 0.015627447606632264 
0.14162019926875533 0.15048113184413658 0.1367338839056234 0.01581873310465365 0.014104811185323111 
0.15364936768782525 0.14186244140899132 0.13983479017400702 0.01591179952196162 0.013508968156192102 
0.1530949166342127 0.1626835439650356 0.13776436260000288 0.0161346198432257 0.015361170739371677 
0.15081826640981746 0.14629494851502492 0.1354317892544497 0.013804666301937595 0.013751542817907721 
0.16414248402371462 0.158119303684006 0.14132464837544487 0.015259519872853317 0.013882189318043912 
0.138815633921683 0.1360634671615559 0.1544880672749957 0.013778310173576776 0.015226032590457085 
0.14796500867205523 0.13512798604070567 0.14870397557397746 0.014333235989674252 0.015352271339202547 
0.1548137729476224 0.1377429132843957 0.15198606520555558 0.013775894122709452 0.015734134780238124 
0.1611174417277728 0.13807003919317537 0.1558803202485662 0.013608012612839603 0.015547661867637542 
0.1436387322372988 0.15864112032255548 0.13876434749786373 0.01548571711379656 0.01602791201178756 
0.1378384140476806 0.155659649546955 0.14371091255145077 0.015518638200586334 0.014461196930512487 
0.14176940501184568 0.1449731018842564 0.15089383248668461 0.014909157622359373 0.015363022806584886 
0.14397455061961473 0.1539055999955394 0.15221029402141656 0.01599654044632634 0.014714650121552366 
0.15887335452783866 0.1372817073940411 0.14096439891621956 0.016458546226179253 0.013935031461166982 
0.1400878579194137 0.16156061890995024 0.1428401424427724 0.013579869411579104 0.013891361282476576 
0.15122398282262067 0.15533068758811458 0.14870428011369322 0.014559011450946282 0.015365304674179724 
0.13926631898546107 0.13583663979812655 0.16097788219740602 0.01606791844630539 0.01555582323527153 
0.15114987288451057 0.1504216368348418 0.1481006374143167 0.015605668654672528 0.014234427572621026 
0.15578807762650454 0.15281957699944168 0.15505722193891183 0.015432548346540613 0.013547031879700383 
0.1600907320172172 0.1432191487520329 0.15275094520109395 0.01633906696737973 0.015156246029354769 
0.15557777938877532 0.16110691759904108 0.16056868699404073 0.014155507272936955 0.016149154772830094 
0.14846594504136354 0.1645809522304156 0.16229286843476695 0.014102788201580644 0.014639052156466471 
0.15263334853556884 0.1370405736816675 0.1535896070535777 0.014716137052902607 0.01588096198504392 
0.14759310902639888 0.16252777897016182 0.1549801142440615 0.015422671908246637 0.014475719303726214 
0.14753100826423618 0.15911624974876343 0.14705803892360808 0.014815597488271185 0.01587996701211799 
0.13944412547798496 0.16389009741336164 0.15874487720932315 0.0163808671961603 0.014765281985238585 
0.1566804049108778 0.1648484924454672 0.1462622691689671 0.015479988486546203 0.013934733522682248 
0.13944788625452545 0.1603091091036108 0.1458208656789028 0.014288833673243816 0.014204895446483984 
0.14252434097788125 0.13958444763893493 0.1394293486996595 0.01575409637455281 0.013532676876296843 
0.1609332244665326 0.16407374449941012 0.16255067748738927 0.014049540380502481 0.014879343094798702 
0.1520313080609579 0.14339570744882715 0.1553516681891127 0.014187229699879879 0.015250511538690592 
0.14285907508184376 0.15901505956911657 0.1633525049642922 0.015858177939535978 0.016203567283851392 
0.1388245873661012 0.15490195057324907 0.14741766698443842 0.0144276805962541 0.013731873495832093 
0.1455561043916256 0.15224166800401492 0.14983400042305506 0.015780572885032342 0.015077090999443168 
0.15460609799345948 0.14106968447811113 0.1429998992412663 0.016126769489085934 0.013660187877140512 
0.13697746012598325 0.13513470256883853 0.1516577165626688 0.013975080024352512 0.015879921075940495 
0.14429260918263545 0.14790201107321654 0.16215309123629706 0.01451496894441758 0.016418774389105863 
0.1506028902420554 0.13844702690861763 0.15218509893851853 0.01585616360405255 0.015649860573896196 
0.1493285658912006 0.15138590802662652 0.15922994868024334 0.014264478364475374 0.01573911021348662 
0.1520786951935116 0.1409042231589141 0.1479180359212979 0.014577860947576423 0.014697064591614711 
0.1552929796914822 0.14292374992841655 0.15706146876602095 0.014296489962303182 0.014139165205839025 
0.1503448493941748 0.14693879712346677 0.15963373678622275 0.013641006290843239 0.013733810843244952 
0.149174309208964 0.1403863981532012 0.16158750390598944 0.013782835584844414 0.01533067975005911 
0.14294620881323455 0.15730200905645905 0.14108580941227442 0.01519796105030398 0.013813891837693227 
0.1502209223761009 0.14928447164093633 0.14051181014834102 0.01509285426413686 0.015576325609844026 
0.15769570453377887 0.138616970508898 0.142507541189574 0.01367391252898152 0.014721383253060933 
0.14779497203842784 0.14811365137520666 0.16195364813986035 0.016243947398410386 0.013764463037630348 
0.15340082009057301 0.16464272588288423 0.15976486450786287 0.015052996921610537 0.015410268552134957 
0.1490696091792806 0.15651282831876492 0.1535874119480255 0.016471363657004152 0.015599445411631148 
0.15625764753419621 0.1539189467097795 0.1540374127742324 0.01620115426471595 0.013863768205557743 
0.15445934695037233 0.16147409831129902 0.15523952688013318 0.013773258440395815 0.0149799054489841 
0.16357978964927664 0.16297849196405526 0.15426529618701892 0.015009297324951102 0.015668705094653117 
0.15113915306849418 0.1361776563590909 0.15160456113251802 0.014205582239291293 0.015744344081220683 
0.15107815704586675 0.15223835130927504 0.13837876974801688 0.01562514962387643 0.014603136300146336 
0.1542846867406679 0.1460396235548674 0.14460767642163685 0.01527361870052359 0.016376649419996968 
0.16222267481902305 0.14050579589758536 0.15242697615212356 0.01625769289120073 0.014699752490462141 
0.15796970367809668 0.13745107253790692 0.14731571172370705 0.015555215533917059 0.014930677974940375 
0.1562352748160534 0.15704115269906524 0.13697610501944532 0.016098655106455022 0.014982316194541684 
0.15569739178578096 0.14696437198595105 0.14665713090709073 0.014168618867447932 0.014857172623340183 
0.14357092430978757 0.15856205135310078 0.15576375550589316 0.014640616635516635 0.016418684579395715 
0.1457204446529026 0.16291675186066 0.15038669254448744 0.014889985081582851 0.015026728313974494 
0.14042461816807053 0.13752304592253745 0.14732252392151018 0.014428254103803325 0.01444665924029126 
0.13639840519459565 0.14770992249320594 0.13918147987013177 0.015474896879435566 0.01530965477013475 
0.14608335765684877 0.148305630410478 0.1391219347945799 0.013895701612102712 0.013664175188866003 
0.14665534870533972 0.16191204770440015 0.14881409895432746 0.016068211948646303 0.015728393253820607 
0.14676225258150447 0.14473938786673057 0.135571701413506 0.01614191599292555 0.013950563013516819 
0.16190203745369847 0.14320162980715337 0.13853032325122466 0.013597223612806608 0.01436359611883648 
0.1460011410278217 0.15041281770893958 0.14683864808665173 0.015530081602384291 0.01397798967172546 
0.1482002572785294 0.13538508863774157 0.13995278404434694 0.014865721087329616 0.014421073186377907 
0.14028342888869486 0.13847949157299067 0.1408120288372284 0.015787367228924827 0.01567561016389588 
0.1418233542715787 0.1388808322088075 0.15442612919164347 0.01486826966888002 0.015251739234624109 
0.1514597388392396 0.14752567133718072 0.16005012003682026 0.015411613466046645 0.014787642855928703 
0.1607108141493558 0.15849205544170444 0.1382257748217938 0.013692947008396666 0.015698203559852457 
0.141017191211112 0.13932079413594958 0.145119706976224 0.014326529622103807 0.015801464925068696 
0.1577528065250227 0.1509751961525381 0.16442086159949576 0.014744650026403471 0.015108114316868575 
0.16000779030585519 0.15349139008064594 0.13653412315360086 0.01465294510830127 0.014447267962602926 
0.13855911141883587 0.14406056511760496 0.13887212631148008 0.01568950842714897 0.01408909763198016 
0.1433709226229437 0.1532062425987857 0.14522361801624628 0.015105286295508676 0.016238770414803476 
0.15027264227413464 0.1502557036535796 0.13591303267461857 0.015418139199748607 0.014362315992544894 
0.15643454008976376 0.1354425673574593 0.14640149874268032 0.014499324966383684 0.014257023813588926 
0.16047331435752094 0.15987074533496673 0.1575063549704211 0.013724184730624246 0.014582046656937478 
0.14475519322737854 0.16146310411123205 0.15332164216781363 0.014879876423381306 0.013726671947631004 
0.1426378610913571 0.15910330152415952 0.1478876649156043 0.0160106427532149 0.013678212230660675 
0.1354922657729703 0.1620589493919373 0.16162094983372596 0.015819339125948333 0.014874896536079646 
0.16231266917171103 0.1395270832878371 0.14740139851121692 0.01610593676339741 0.01567015325872389 
0.14429045903353122 0.1487308559327969 0.13632964701470798 0.01357786871273722 0.014221551563260805 
0.16251561079559032 0.16155498230318724 0.14226807240749823 0.015000147102805284 0.014921458582162962 
0.1592788628217368 0.15427108146014482 0.1469560231912681 0.016089149521105774 0.016215901264555552 
0.1576354900652811 0.16193408614848817 0.13864708303152976 0.01494667505486855 0.016105472887801616 
0.1415167214496401 0.1447665027014756 0.16423878074436907 0.01596335409359895 0.015304176886345952 
0.15524103631070987 0.16086721769678392 0.1629737095595263 0.014682791396409482 0.014142972624703067 
0.1363436285863073 0.14929549165099698 0.1368097390156279 0.014937307891928498 0.014775207367502933 
0.14646284421058953 0.15026733828725355 0.1466291120656454 0.014667916146821756 0.014036555218907055 
0.14448027723144533 0.13942880982305317 0.14762279551819854 0.016320528795595812 0.01495750707266557 
0.14695921382529534 0.15378940519740184 0.1515997184938906 0.013662831305781315 0.01593882055279278 
0.15600603759628187 0.13939086775504508 0.15334070150781626 0.01632450109488242 0.014192049020062741 
0.13797636521684786 0.1430806967023658 0.16045798168267864 0.013667827339782288 0.01434944027958344 
0.16341164953366247 0.160019789946407 0.1413990614472747 0.013618269306602157 0.014522227235661173 
0.14497344601308015 0.14413258974449472 0.14317745889665334 0.014160492643700616 0.016170153810804364 
0.14414219902029005 0.13781130880733336 0.15586481749710782 0.015036809171475277 0.015439904670622293 
0.1550367970322572 0.14843935375172373 0.13748584697078156 0.014712256895454778 0.01626149128793592 
0.14182978970963625 0.14852595323240855 0.16434776330226558 0.014512526337188221 0.015448544343440432 
0.1400737388282472 0.14966046565461857 0.15818085362305323 0.015225952052425797 0.015001719627212076 
0.13950483438880487 0.13968147510097198 0.16166693194893986 0.014700747005788944 0.013674472324080656 
0.1618773686422037 0.1611162483059351 0.1559586226738748 0.014483080871331074 0.014994116801653825 
0.1581915607623705 0.13506226137320004 0.14842950324080467 0.014073201303256034 0.015362064890599809 
0.13665345711334867 0.162282721720055 0.16358189201611983 0.01463586837854969 0.015373954040202347 
0.14586932530419094 0.15226423814873982 0.145725214718385 0.01613519734252756 0.014773162220819619 
0.15631783626754822 0.15268280502918616 0.1472101537132012 0.01646915145528523 0.01554041249855179 
0.14057866444596145 0.16322185491943067 0.1399275886615671 0.014636550076684978 0.015086735307082 
0.16086627266618084 0.14758006919246025 0.15621297946812754 0.014790283801986217 0.014306111954463659 
0.15513018230546172 0.13510389269975487 0.13701242994154159 0.015048775174025376 0.016160266293245264 
0.14747283700687755 0.14206674345715223 0.15407971051160002 0.014660102213352835 0.013661294596592688 
0.16472797090168287 0.1449010259434532 0.1382933712327274 0.01471594893058402 0.01575800826225181 
0.15947203647320582 0.14584542423554703 0.1420162411215394 0.013714826882555218 0.014505692078756101 
0.16138406743802045 0.15047866420712547 0.15402436584189555 0.016278604121339 0.014047889840760565 
0.15223646935191482 0.14755958330467098 0.16396393951742017 0.01449561756233052 0.013904777319352225 
