file_name
position_num 5
robot_num 25
position_x
73.60565436597614 31.92459269132266 27.46997051380899 -92.898860888217 -82.18754398273057 
position_y
-62.50387171613734 87.46482436992429 -56.977464668385444 57.4324151019305 72.5056933392703 
distance
0.0 96.56358699919393 93.1089422159255 63.253701552293734 109.21849961782459 109.5986676585148 
96.56358699919393 0.0 155.6532065460901 46.46549794594435 205.20347583737384 206.1531064722766 
93.1089422159255 155.6532065460901 0.0 144.51096332587022 128.38551386337858 115.08846743922729 
63.253701552293734 46.46549794594435 144.51096332587022 0.0 166.0670833192042 169.6781031635913 
109.21849961782459 205.20347583737384 128.38551386337858 166.0670833192042 0.0 18.4915122872636 
109.5986676585148 206.1531064722766 115.08846743922729 169.6781031635913 18.4915122872636 0.0 
lay
0 1 2 3 
4 
0 1 
2 3 4 
0 1 2 
3 
4 
0 
1 
2 
3 4 
0 1 2 3 4 
edge
2 4 1 4 
1 2 1 3 0 2 0 4 
0 3 3 4 
0 1 1 2 2 3 2 4 

demand 
0.010409431068218442 0.009842386977036275 0.010536014027942433 0.10413118254545906 0.10250615477669778 0.010582668181143826 0.01067311599545502 0.009618076278458919 0.09759605821624708 0.09417607532547437 0.010211163773892123 0.010610961162733702 0.009414498352020514 0.09722956395809464 0.10251261727353618 0.009868112142220433 0.009616468728019734 0.009060547165435856 0.10477228688987819 0.09916048996522678 0.009775012665341453 0.010460206604965841 0.009245512833845101 0.10008343636286897 0.10104223219633993 
0.09004402907503997 0.1066356075807101 0.09563563994438379 0.00901627708795316 0.009530059998730358 0.009590510564826777 0.00984623317494499 0.010866755783834751 0.10552274728611309 0.10262128309541868 0.009481451702764728 0.009992730510800305 0.00924453500120885 0.09614028996968471 0.09683005399457915 0.09701065963273114 0.09298499081904277 0.10702691719573135 0.010412883960489576 0.010065803207259636 0.01086153533526451 0.00947167511949981 0.010728047443360167 0.10080288793579972 0.10815177605589699 
0.10543320615140131 0.09943237251719893 0.10481115299523831 0.009364875906183514 0.009934489008798997 0.09766274259942424 0.10643471487051462 0.10265973127526845 0.009884014286386836 0.010553690668889067 0.010160501693403544 0.010177709513232618 0.009621094705492834 0.09792244791654572 0.09851692409796123 0.009647277247484211 0.009477188600081832 0.009734656499330625 0.09736180748445034 0.09875615110712044 0.009710161956512644 0.00959426690900552 0.010783001992989111 0.10383189170047998 0.10305373520984343 
0.009913360118930533 0.009513808830111997 0.009475249458027517 0.10218624821522596 0.09298515171866308 0.10483377283850977 0.10469016235448098 0.09595564645118707 0.01024705960797475 0.010618390736861851 0.09567527619917847 0.09999614444418438 0.09071343711155261 0.009493220687994148 0.010152605349670952 0.10709781772526578 0.0902556962284011 0.09778682251838759 0.010867788790956965 0.010549787858126207 0.10268969262125818 0.10158381207619145 0.10818520292826875 0.009970714443924377 0.010428826595384577 
0.10372343455350604 0.09396884638876184 0.09497260116631925 0.009134328485952114 0.010884147106556013 0.010959866596053903 0.00911028669563813 0.009524756403884017 0.10658209959535425 0.10370597409682246 0.10331347671639518 0.10565059185845643 0.09880537272908815 0.009063098890641975 0.00993180391145638 0.10521831118632406 0.10221581024525205 0.09377507999507573 0.010745469527674481 0.00973914754288728 0.1094737817050509 0.1031748710537658 0.10812412472370472 0.010035051707914584 0.009663006436604666 
rate 
0.009921998710301924 0.00958289631766128 0.010811783228568928 0.10718049979723981 0.10910711600490958 0.00982604931574846 0.009137624660168021 0.009638537203462073 0.09779040553367954 0.0973375756964844 0.010474994481956955 0.009436932997139855 0.009740898794796192 0.09456465440377206 0.10114314910808925 0.009700501905202942 0.00972738095240677 0.010052417730038475 0.10336596366149386 0.09554980200081976 0.010858396995556598 0.009341515456816295 0.010222936256010104 0.0905906134076669 0.09590213096301958 
0.09211011207357556 0.09258416003964781 0.10339974757548989 0.00973296796710908 0.010968060423321116 0.00970451817696023 0.01097511236229464 0.009509585431871588 0.09067816658393646 0.09139706603023812 0.010715102609470941 0.010160022795453685 0.009492645171111973 0.10155507427239846 0.09160890851849454 0.10479311755336225 0.10026649241095394 0.09376838228370045 0.010132395848916842 0.010086114612658317 0.010702121428853573 0.010740959685309134 0.009168294514510305 0.09692353635262457 0.09155212876631434 
0.09459001078709328 0.09963437572881491 0.10224514723241676 0.010243456349254783 0.010635833232832896 0.10771970649590282 0.0922913264257938 0.09971413507184744 0.01063611386167996 0.010330490282508868 0.010108367823624965 0.010974960272779664 0.010852266184886558 0.09223189562661584 0.09134915317165088 0.010513892805645374 0.010666651258450876 0.009378043613332778 0.09303707815791334 0.10211934680493202 0.009227858544117616 0.010101087638976105 0.010946565325880469 0.09093714062152154 0.10028038177659977 
0.009373165904013239 0.00984532511610305 0.009579662788082007 0.09185333051404289 0.09497012759844836 0.09546389662696694 0.10225365718137909 0.09453879800929574 0.009247281879689305 0.010834867491084565 0.0962196515801319 0.09399409656193364 0.1027303895796104 0.009700963230481722 0.010126578508776024 0.09929463869717439 0.1007153216785673 0.09371011371506102 0.010354447422529466 0.01088146409584732 0.10979789011129089 0.0908169982001995 0.09864767551736602 0.00991082378316566 0.00989196415821267 
0.10021697350675092 0.09623037083941209 0.0934189074782372 0.00938698923792772 0.009156816167683823 0.010270991341059871 0.009824091051300131 0.009212560314815762 0.09433351409807053 0.09780989456848732 0.10846736085147857 0.0916383211744219 0.09568010173479173 0.010869105677688428 0.010420593956675167 0.10637017374462317 0.09479434733214842 0.09640827033518608 0.010904748588225622 0.009637688023122351 0.09451322174487098 0.09384386430726033 0.09539634665247736 0.010252390420176909 0.009347548323832366 
ability 
0.014175372348069374 0.015025887493701 0.013937530460838178 0.13791327200452483 0.15882803913823626 
0.014570155356084117 0.013693275708842 0.014708479896389733 0.14852750374921897 0.16071888220042543 
0.014669059315433415 0.01504703976402499 0.01611799665768976 0.14163716263659903 0.15993902572762103 
0.016013046759928967 0.01623346428889763 0.014902938625385258 0.15083299701115088 0.14913605230019744 
0.013630340610267824 0.015347120514087561 0.014613199668420741 0.16008709935869117 0.15997771172849412 
0.014248067394657761 0.013749502451464883 0.015951548265836286 0.1461325646988219 0.1629306384083486 
0.01645091444019833 0.014216913293397498 0.01636874686669196 0.14174346548699082 0.13786952181595674 
0.015430639975995046 0.0140953937797784 0.015723684576658677 0.14618189533648027 0.15670152989579667 
0.0154549765259857 0.01621696321354238 0.01465133237806893 0.13713951536639699 0.1563064839466273 
0.01419717116799738 0.01604223116244196 0.014711057108178691 0.1391371595062584 0.14203772827044936 
0.015124509434169488 0.013510300978707538 0.013710897432420094 0.150530942546831 0.1610788507685243 
0.014802982787902597 0.016416559970276794 0.016040166941518726 0.142017338291937 0.16279495740637254 
0.1455030270797181 0.148438391783968 0.13989266759911012 0.013567353625121521 0.015538103420253175 
0.1502090973493231 0.1410762934307094 0.15853816963366732 0.016484035652823945 0.015004668800414166 
0.13856217457845782 0.15217228547049477 0.16193690078227982 0.014944478761392951 0.016460203949548863 
0.14184684424336402 0.15838815814984206 0.1511830965285253 0.014342158407631705 0.01431944211650213 
0.14400673930809862 0.16259455335324943 0.14482276931883337 0.014329822868912236 0.015285880802909567 
0.1593211776889338 0.1504816933412819 0.14622367078650228 0.013628338566333489 0.013881604094278696 
0.14321858274455201 0.1364800097229972 0.15768701288193207 0.014883886236385837 0.015814723562963602 
0.15994673601293663 0.1586836589218772 0.1418828238070713 0.01511738407505543 0.014698553247134575 
0.1580811651262904 0.145380828898814 0.16284999221432134 0.014460581806757068 0.013950748345230864 
0.15014761490909614 0.15794618919708625 0.15202495185257273 0.01534575621888867 0.014391945945213019 
0.14146886832654293 0.14706009535343284 0.15046740271484857 0.015721344110999902 0.015631400279772143 
0.15318018574409398 0.1541165802431645 0.16103709574036204 0.015222762513933995 0.016021103507957456 
0.16316502636960076 0.15732613055386918 0.1404650072372838 0.013990922725468546 0.01632808121496397 
