file_name
position_num 5
robot_num 25
position_x
-51.36076896418438 -67.71173894351139 -32.92874854094305 60.05014053647005 -97.11912886226077 
position_y
-2.184812633364473 -53.21057874928465 -10.474437350765697 -13.585510489556782 4.3014412007514835 
distance
0.0 51.40721734187948 86.11762468617015 34.554541210784066 61.56773078254274 97.21433838363524 
51.40721734187948 0.0 53.581554913808176 20.21032545106919 111.99270809910439 46.215787230798846 
86.11762468617015 53.581554913808176 0.0 55.102034472234934 133.76563042443075 64.59432653543743 
34.554541210784066 20.21032545106919 55.102034472234934 0.0 93.03092276305118 65.86904821511085 
61.56773078254274 111.99270809910439 133.76563042443075 93.03092276305118 0.0 158.1838243440278 
97.21433838363524 46.215787230798846 64.59432653543743 65.86904821511085 158.1838243440278 0.0 
lay
0 1 2 
3 4 
0 1 
2 
3 4 
0 1 
2 3 4 
0 1 
2 
3 4 
0 1 2 
3 
4 
edge
0 4 1 3 1 4 
0 2 2 3 2 4 1 2 
1 4 1 2 1 3 0 4 
1 2 2 3 2 4 0 2 
1 3 3 4 
demand 
0.0989665018472327 0.0911051352770961 0.10444654756252941 0.010732085166091357 0.010211426652534284 0.09451511879460062 0.09990802319234103 0.09787872427480138 0.009437954162826634 0.010337957044233298 0.09464101229098885 0.09855507466385681 0.09797837893171393 0.01090511345538601 0.01063879169930499 0.010220751150095587 0.00933616986011199 0.010296541520705312 0.10487829555799033 0.09519268960982435 0.010153993828496117 0.010852432832902438 0.009434323186524408 0.09235615362464739 0.10522333163464548 
0.10777383052758212 0.10433140302532898 0.10227449273716688 0.00937245453237179 0.010699042737764652 0.10908669242999798 0.10201979159724142 0.09879374701276557 0.010608851031540904 0.009362923313055369 0.09941512598771354 0.10955474898065098 0.09709703114799106 0.010379240590185097 0.010105917005439825 0.10880621957093176 0.10065029782601816 0.09863989968071254 0.010179297942495629 0.009971825748318619 0.09752607186216085 0.10593741703395015 0.10124297017001097 0.00904273147082765 0.010955535521387368 
0.09256545909936503 0.10498348658829165 0.09755646823744708 0.009296406728871345 0.010992158316865312 0.09679309645220043 0.09303918833163433 0.09414321763904095 0.010262168462221333 0.009183563916237291 0.010192942535640173 0.009088352997644537 0.009588887033661385 0.09064613994284772 0.09425774259153097 0.009475070143986512 0.009610504884134409 0.010553116152925273 0.10252181564699572 0.09476867916463551 0.09419140513589379 0.10056798004027123 0.0976963516384549 0.010406975451462177 0.010788652206618102 
0.00947211534619268 0.009538236089501781 0.010160241563583892 0.09040715576554932 0.10011656870903698 0.00966862142968076 0.010662688999454342 0.010141053789483727 0.10028521343025108 0.10058083760048497 0.010439265886810814 0.010994555913971603 0.010492912608115973 0.10117206775996118 0.10701071774860593 0.009339084581295232 0.00978335929158379 0.009744451905323474 0.10568294724824004 0.10661165714752974 0.00971640050860977 0.009573856514743713 0.010659729660111878 0.09180623544276728 0.10274499511678084 
0.009300992489702035 0.009149995405206312 0.009315638645911832 0.10044621172886717 0.09880460536582686 0.010110146742715221 0.009434476737541062 0.010485757741003236 0.10613423425328211 0.1033315864092383 0.010865614137055207 0.009655071253200675 0.009392967154331407 0.09711760789082448 0.10923027033902222 0.10577748450458913 0.09511226889066737 0.09586865682214119 0.009292903396993372 0.009561290650406626 0.010921548882292806 0.009294477854506116 0.010276673328453141 0.0992870732266753 0.09882912364158473 
rate 
0.09200317849371815 0.09219068317868831 0.10357296882343446 0.010604804384087084 0.010751780099951218 0.09814226119857926 0.0929499843687096 0.09735678088491949 0.009674205782573374 0.009984416443706188 0.10815634120944494 0.09357973664722873 0.09832962143240093 0.009340330658330707 0.009726189830332568 0.00978065933772575 0.01094445662596262 0.010530943066727163 0.10760870256416528 0.09304028452571234 0.010896161880658116 0.009385516239082653 0.010535974585444544 0.0938938396424927 0.09273809847713939 
0.10057531131851978 0.09642965180596384 0.09570310470216481 0.009479335641015189 0.009428606462036039 0.09248301181527412 0.10485762549721332 0.10252412709130694 0.010371553300357389 0.009322017376114641 0.0957194713394449 0.09145942418812256 0.10585702195165683 0.010754852866335636 0.01098410379250954 0.09472054629514219 0.0932339203509616 0.10616969348983535 0.010131276791276593 0.010332203851973667 0.09098633416730001 0.10968028726180497 0.10275381866500687 0.010039078905384113 0.010783050272253944 
0.10622093445903064 0.10993624027305562 0.09794647757229101 0.010148592199279478 0.009334285152400257 0.09644648239594142 0.09909906955835907 0.10804671072185493 0.010026484870001963 0.009600410561405962 0.010103554011806131 0.010755646307931537 0.00969756690158105 0.09354495023615304 0.10861149943341859 0.010565048088327858 0.0096178983810209 0.01099084131250049 0.10956120107028217 0.09766396396798743 0.0909505349966401 0.09235230706121393 0.10385624540194467 0.009502797754337027 0.009376624969235758 
0.010081550254901676 0.010739614440624122 0.009052391239582507 0.0913621498852852 0.10729258952394825 0.009258410384407383 0.01052308940497634 0.009102286169878378 0.10669132075561952 0.10328385395394568 0.010178386416529614 0.009808409581128498 0.00986998644939086 0.09624421017028065 0.09926996433723878 0.010931559048652483 0.009158264279738423 0.010763466705173893 0.10458406865575852 0.10971999916617446 0.010251847228504241 0.009008469762101526 0.010252627965481532 0.09993668589813859 0.10632703909795423 
0.00922135413078226 0.010611996423604915 0.010557660374012139 0.10822065877444914 0.10659019688913043 0.010684086606334268 0.010210148306285024 0.010778275289500854 0.10248945090901605 0.10592207431175214 0.009585685949322423 0.010732801877411671 0.010556595974835133 0.09604928205247498 0.10576541176850884 0.09594455589297952 0.09273341264245952 0.1068522638251241 0.009494152288522096 0.010293524496225242 0.009423088762495294 0.009330481037452045 0.009497672205862801 0.0998551776880313 0.09998628556926176 
ability 
0.01536831938953727 0.015811676107921502 0.013852377145841364 0.13780822832069872 0.13647376828837046 
0.014035137028309153 0.015222926039886831 0.01627389102812054 0.15406900095005044 0.14367580395992838 
0.01558528073394402 0.01379775893738449 0.016121236626376594 0.14659561148331457 0.15532179472671098 
0.01564362791732916 0.016055361125592582 0.014624844089936952 0.1504473783432464 0.14481796886982107 
0.014246652570984055 0.013862226511362695 0.014179921129444316 0.13888916994412911 0.14160354313343837 
0.1562722766394304 0.1406076178893329 0.14078498295085426 0.015074615567821328 0.013639842126895636 
0.14135062772647086 0.15140376379191217 0.1492938226646902 0.014274481088125606 0.014539731607886259 
0.15066142314996164 0.160842921867133 0.13598997497569737 0.014397001570107574 0.016311915233570964 
0.15183189881032327 0.1565866880613315 0.15944236170274176 0.01485364966904193 0.015375178214074626 
0.137558867733999 0.14692101866676655 0.14479243172101425 0.014161370879759879 0.016145944255017305 
0.15771553155957316 0.15524794750832482 0.15199779981534098 0.014235389658933648 0.01565141982682112 
0.16278393364434243 0.1450892375183436 0.14839540912688703 0.015741766464488417 0.01474172708256244 
0.15356656651333636 0.161838519658572 0.1359766335227201 0.014368217418398069 0.015594749671241928 
0.15924930378051763 0.16414187503860295 0.14296827485947936 0.015460737979801027 0.01367264897703263 
0.14086702576764976 0.154348335467016 0.1469965675769782 0.0142758623439408 0.01601842192620038 
0.13896603629573565 0.1585448912799003 0.15881118434339891 0.016102841181491783 0.014382437455875191 
0.14106087896581262 0.15906398094655116 0.13861658480076733 0.01611355628232037 0.013903871094828267 
0.14815494275858174 0.1406973784505668 0.1385435397268924 0.015955589876281782 0.013867607347607388 
0.1609870904232224 0.15713755910181493 0.14212575992162527 0.015204494405727955 0.015696239732874054 
0.1637826718212572 0.16111120230196016 0.1465048296724818 0.014168010469266702 0.015817183488296457 
0.13623516779515263 0.16418036277378312 0.1490273844243871 0.016122548300635486 0.01364732610977128 
0.15224238709347684 0.15672188341999563 0.16051851549792992 0.016300953088749095 0.013707198137982142 
0.14296930612527833 0.141083487452264 0.1405898437507067 0.015539078710564919 0.01633912930098356 
0.14643562210079017 0.1588006892730775 0.16255030432256362 0.014519810250163823 0.014248735800702942 
0.16241198532101406 0.1484080603069705 0.14759629475680527 0.014865969699773043 0.015658448284814788 
