file_name
position_num 10
robot_num 100
position_x
84.57824805662528 40.42802451598993 74.44869601587234 -62.07286672647583 -79.20826268194824 68.72524481025809 -70.72478713779869 -14.00449067142604 -1.427896069063351 -99.69593530245771 
position_y
-41.88892558113064 -10.716120445100728 -29.052138910812502 27.613678046868912 -76.70044628972741 -21.249105254214754 -98.84247943879676 -21.272070482257675 35.91598541035236 96.52794136603805 
distance
0.0 94.38306061295926 41.82416052545931 79.9164258069448 67.93788338562632 110.25836629542393 71.935274715084 121.5394226467112 25.468151514552392 35.944358322005 138.76931570126413 
94.38306061295926 0.0 54.046147122037894 16.35209211586027 162.2872803955908 167.44510465809958 26.025370219397438 165.41686745195776 100.71549577543246 115.9769847933689 230.4695288061464 
41.82416052545931 54.046147122037894 0.0 38.64732413088692 109.43311271244546 136.62639741893736 30.193980283681853 141.84922519361322 55.44661207698108 62.66156225738766 176.45399657971276 
79.9164258069448 16.35209211586027 38.64732413088692 0.0 147.81458623929632 160.8751756870503 9.677046447601896 161.07771988074953 88.79468283569155 99.89051208315063 214.70144195914784 
67.93788338562632 162.2872803955908 109.43311271244546 147.81458623929632 0.0 105.71214845353252 139.62706604918887 126.75178694142085 68.55935520279262 61.2106263127259 78.51541872713166 
110.25836629542393 167.44510465809958 136.62639741893736 160.8751756870503 105.71214845353252 0.0 157.98472667186343 23.711579223718303 85.57941767185761 136.86579601673134 174.43571600799342 
71.935274715084 26.025370219397438 30.193980283681853 9.677046447601896 139.62706604918887 157.98472667186343 0.0 159.58396889306462 82.72973866918187 90.4948107126707 205.51673075725262 
121.5394226467112 165.41686745195776 141.84922519361322 161.07771988074953 126.75178694142085 23.711579223718303 159.58396889306462 0.0 96.09557938280993 151.5318546058601 197.5067815327789 
25.468151514552392 100.71549577543246 55.44661207698108 88.79468283569155 68.55935520279262 85.57941767185761 82.72973866918187 96.09557938280993 0.0 58.55462807130166 145.6704035637019 
35.944358322005 115.9769847933689 62.66156225738766 99.89051208315063 61.2106263127259 136.86579601673134 90.4948107126707 151.5318546058601 58.55462807130166 0.0 115.45742392566152 
138.76931570126413 230.4695288061464 176.45399657971276 214.70144195914784 78.51541872713166 174.43571600799342 205.51673075725262 197.5067815327789 145.6704035637019 115.45742392566152 0.0 
lay
0 1 2 3 
4 
0 
1 2 
3 4 
0 1 2 3 4 
0 1 2 
3 
4 
0 1 2 
3 
4 
0 1 
2 
3 4 
0 1 
2 3 
4 
0 1 
2 
3 4 
0 1 2 3 
4 
0 1 
2 3 4 
edge
3 4 0 4 
0 2 2 4 1 4 1 3 

2 3 3 4 
0 3 3 4 
0 2 2 4 2 3 
1 2 1 3 2 4 3 4 
0 2 2 4 2 3 
2 4 3 4 
0 2 0 3 0 4 
demand 
0.09434657984197335 0.0929063957644888 0.09818961176169656 0.009148714957098687 0.009897551661352642 0.010564925303879438 0.010685691298787025 0.00958737526313807 0.09603978426790849 0.10360639450943974 0.10924319822338564 0.1001776277194611 0.09943876899287371 0.009419470386016971 0.009793052439216939 0.009352333428807997 0.010983932150825174 0.009282022843467201 0.0939883261018675 0.1071040811235283 0.09539243284547755 0.10222267037754365 0.09164399471397103 0.01098315804204911 0.01014673662805428 
0.10145163723683648 0.09360220678012313 0.10755831009989934 0.009019160394512688 0.00956116354367956 0.1084103937709134 0.1018507922708156 0.09266254125997224 0.01028230899666564 0.009701185244291902 0.09767202491257593 0.09263372636226677 0.09358763639950138 0.010395552931310002 0.009386111549533931 0.10699707867062505 0.1046604125480478 0.09364897231737736 0.00984536471123309 0.009073300780202407 0.1070597707712791 0.10864533151119456 0.09037132812775597 0.010342676580627133 0.009500318561805932 
0.00984517544584692 0.010975336416619607 0.009829549299497775 0.09548867051668049 0.10395604041576312 0.009727609975062038 0.009921032679540105 0.009845881686193521 0.09457956452646543 0.09281513902804096 0.010383360530638302 0.00966814989467738 0.00996335999073526 0.1094461172155936 0.09873276789892811 0.010437816570433394 0.010614921348000335 0.00970290782413042 0.09551775286489902 0.1019827549961271 0.010439076770400317 0.010805482021527547 0.009517156406509285 0.09968325104158339 0.09048462047508327 
0.009058828945825324 0.010912148253509356 0.009435603421772121 0.10870788081628716 0.10544972604233219 0.10381133021406655 0.09567728316774744 0.10972713906834619 0.009462255697705266 0.009711536666115064 0.010063648796798842 0.009175939607196601 0.009018744094055436 0.10484296054781193 0.10302943739294419 0.10197208033917188 0.10621376050118692 0.09913587901667638 0.010728623679305336 0.009582525898726877 0.009351885680428272 0.01004939891488169 0.00945921525361196 0.10819260341960016 0.09198410040744939 
0.010034439199400391 0.010689369295233661 0.009497288379735293 0.10521624432651336 0.10291563681390742 0.010848392185930573 0.010704871744866656 0.010096706251949009 0.10505286858529164 0.09675890340702797 0.10952887381124513 0.09440433639645573 0.09181342735812217 0.009469880602903666 0.009224880846704923 0.09192057322020697 0.0992695977139851 0.10241586748785061 0.010041445896520626 0.010866561039878162 0.010080543321456328 0.009229003567781738 0.010774390618609062 0.09832923464311079 0.10798707546327764 
0.10754243019398423 0.10537197030319528 0.09735194232063095 0.010699125186678317 0.009051954970667183 0.09795589533024818 0.1053116659063652 0.1037510711424232 0.009948463826463942 0.009188678647612756 0.0093909096303819 0.010919685469761449 0.010103720055596175 0.09603576229949644 0.09214309294472789 0.009233574272691586 0.009749196662749312 0.010901490441932803 0.09966457780291443 0.09605705914417076 0.010796104739186825 0.009178926450528929 0.009327036074421433 0.09695737982251298 0.09026515125464886 
0.009700645979154343 0.009287737251090422 0.010466668594516062 0.09130564603701113 0.09189716154748016 0.09613311366385811 0.09202149335784461 0.0955266100065975 0.01055379269178072 0.009418055422350906 0.10534657022327257 0.10236727239231613 0.09480294175208498 0.010591535418267406 0.010476649730159097 0.009652556665606911 0.010918848420419456 0.01080541444390741 0.10685203014835001 0.09538642171281651 0.009116645403269905 0.009573667911550812 0.009224543340558541 0.09653686640529735 0.09299685922120349 
0.1053721614523055 0.10749983681818205 0.09148453968489782 0.009365191558632921 0.009478491918196021 0.01080499504384351 0.010333913403921537 0.009159765259515394 0.09948581767294495 0.10281291773100172 0.10673894065482369 0.09375505710040988 0.09099361231384646 0.009380421402906248 0.010539185795272974 0.09620897452489882 0.10092989606077324 0.10601062995659022 0.009022790774144727 0.0108741743502712 0.0973081099043532 0.10733423031818146 0.0971965637444295 0.009407467566504008 0.009528642195074604 
0.09692558960431324 0.09129967391564708 0.09644270944761779 0.00989583166399623 0.010267408195898924 0.009760956950709464 0.009286786933964643 0.01012286815440098 0.10122664345258835 0.10523920400737169 0.09081504626286764 0.10283336754997086 0.10451941714206499 0.0101421743376761 0.009066913829590075 0.10524606554545915 0.105763558610391 0.09941886018603929 0.010825675418931868 0.010386577607375784 0.010110488653663674 0.009928546884784775 0.010192529799726756 0.10070569908586834 0.10463884972651626 
0.10350567444385401 0.09513355262063378 0.09918117416026605 0.010447169848198917 0.0093556485203196 0.01082909237403999 0.01060845772731225 0.010732705289759345 0.09357522939949044 0.1048330136669845 0.09122645796074626 0.10908348789886727 0.10340799884786211 0.010221239779401129 0.009183942098771545 0.009561092459462177 0.009788759048267896 0.010925997431614072 0.09923748238388164 0.0950047395579558 0.010686429493739933 0.009467279906625173 0.010536138964365893 0.10553858839146874 0.1033980075569704 
rate 
0.10910590836455547 0.09613147337550722 0.09039866382030645 0.009670175145257462 0.010924656909649508 0.009652837209715161 0.00912601049840202 0.009221553194782376 0.1014396530264377 0.10105022255739322 0.09856844920380275 0.10258651155674357 0.1056536422126132 0.009931513258400056 0.010402825242656184 0.009775954407512423 0.009847721786423095 0.010649875079951033 0.10331964908612673 0.10714239559158936 0.10778605736724561 0.10448410333675169 0.0931128270871718 0.010956541256071293 0.009426110523289231 
0.1050919936361024 0.09621466578336281 0.09483754878626934 0.00903518982809974 0.010476521349028031 0.10697868984155286 0.09095408367233465 0.10460625179114702 0.0100347826089696 0.009462042982329477 0.09736707232194897 0.10452092226386184 0.09202098673737719 0.009329886285923059 0.010449443079631257 0.0929514783560071 0.10997728158869452 0.09992395258210136 0.009842202547307818 0.009269765948061766 0.09917486498719745 0.1079224318816081 0.10341456813468163 0.009276371280328585 0.009115867825375023 
0.01081381926476482 0.009061441121551482 0.010269750437616208 0.09181489700796028 0.10201007517975469 0.009047011711413927 0.00954238495650745 0.00975690231204549 0.09897802655049194 0.10557425920798878 0.010115902788324053 0.010642129121964192 0.010169650725783875 0.10353397009139086 0.10172490541354927 0.010381860585935104 0.009710234409156412 0.009097163430129278 0.09770371726849199 0.097353875266538 0.009668072720125964 0.010614972967200207 0.010021754200627862 0.09756098569423051 0.10927664753203448 
0.009321118681980926 0.009132143905868854 0.009492386484961346 0.09097299952082735 0.09996709842627308 0.10602901187910603 0.09369322005898989 0.09219530386463 0.010054093465271703 0.010421718655822537 0.00981972158137042 0.010825526795822325 0.009772214042759299 0.1090295771339695 0.10239339541629976 0.10341289180074911 0.09564474798899675 0.10054036096975881 0.010173533696530589 0.009697864494721807 0.010593827388988158 0.010304416217269682 0.009821340945735963 0.09956377272857359 0.09516893965087131 
0.0102079887200346 0.00986946439212502 0.009695330047089931 0.09164497772212181 0.09356598763750595 0.009218713977280883 0.009067900795740954 0.01058106157437195 0.1063005380657019 0.10638749578091122 0.1069432932030344 0.10436433702855581 0.10653471944569713 0.010493593214703823 0.010508919201179896 0.10241142371883766 0.09951783032531863 0.10867066809705389 0.009755381084836142 0.009507918586686141 0.010505131855757518 0.009460601457784875 0.009382580666056909 0.10670878633163626 0.10655140574980976 
0.10707635113995247 0.10720135366733402 0.1099420615999775 0.010399147499418275 0.009069988426794398 0.09025849574797723 0.09299292131445122 0.10125241255491885 0.009274533279255035 0.01098317441203784 0.010697979559252876 0.009697440348581759 0.009573569997540669 0.09675223161689296 0.1037740573370781 0.009647084424097094 0.010288778708257642 0.0100395780569875 0.105260421209823 0.10480295843838083 0.009014407401763784 0.009346941368593377 0.010517141568983921 0.10308531497289695 0.09344025067365497 
0.01094397273814745 0.01046011707531399 0.01035002135418497 0.10098043757958322 0.10750560100698783 0.09453293153162151 0.09313053404668559 0.09194550898916852 0.009388924048949978 0.010391850343412301 0.10957926404826553 0.10700587397625455 0.09259856147781725 0.009635051096885587 0.009185508952039002 0.010984026855016284 0.009123093292478006 0.010190485309196941 0.091225574375847 0.10090985102607453 0.010120913416686765 0.010500821249689499 0.009393028850192373 0.10966691162328308 0.09331446847379898 
0.10415129295973852 0.10126888055583752 0.09652771586414816 0.010729425405320661 0.010858792016008692 0.01014941605748996 0.009856857312859534 0.009986293313080055 0.10751022294749056 0.10025607111363462 0.09465604131918207 0.09308047955125548 0.10074290248389249 0.010487025773043904 0.009009603977814789 0.0980824587857814 0.10851406522462621 0.10225292879773762 0.009223908122628029 0.010051886553801365 0.10372075545524591 0.10127993227098182 0.10056139969851388 0.010397415361798239 0.010386756942654132 
0.10385819332988798 0.09074811975097152 0.10646188290496789 0.01001203419622815 0.010061505825224169 0.010947838723658015 0.009343371700967426 0.00961300422747915 0.09652508787475693 0.10341164701392035 0.09984612090225005 0.10452333974909939 0.10851580660888556 0.00971999217786632 0.009583228351660663 0.0912234919428446 0.09091802164903176 0.10636684873151414 0.010131917799746546 0.00976885867439423 0.009425472872252151 0.0097503316784206 0.010322293180340262 0.0962981714380019 0.09149080409038497 
0.10147492738023543 0.10147180370792118 0.09471716758736419 0.010383203983054147 0.009966070086339566 0.010272560330072076 0.0108978299767397 0.010357000621724122 0.09618701268673967 0.09290702217350487 0.10431305098464659 0.1063102905960093 0.10043391441434975 0.01003680486024032 0.010586886615453948 0.010710203618906544 0.010309482726794925 0.009168966260075557 0.09690526778428758 0.09539187964928493 0.010815049832213366 0.009150929690305573 0.00993309696565196 0.0926786216812508 0.10445930350810483 
ability 
0.016017134849487958 0.014894707516088011 0.013517490118655646 0.1546040910678521 0.15761760713279113 
0.015905800729237755 0.01355897033002149 0.01440422731372343 0.1454950400224383 0.14423070582348332 
0.014163776333138561 0.015989712430779193 0.01479849873165396 0.14200267506131564 0.1567847993075269 
0.015967953492119172 0.015602423222967692 0.013874714016537525 0.14226202655380535 0.14596075458919916 
0.01435360836217444 0.014546649313577305 0.01562713280672817 0.1630580002959404 0.13739306797009732 
0.01575728255486012 0.013616341406456938 0.013661908010315938 0.15895363150764363 0.13777763134779247 
0.014184468964950687 0.013928853278116991 0.015511082078104386 0.15703859079143964 0.15835655515518346 
0.014828510035584712 0.015017907304871955 0.013579955009559377 0.14348488611092772 0.14186072609610234 
0.01641071974977769 0.01608780075118336 0.0156512139869052 0.15450380671355615 0.14419898166471426 
0.015376691706107053 0.01602102117137984 0.014324213311934578 0.14627324481034157 0.1648046360663638 
0.01605465711118305 0.014074794356734357 0.014562443435579915 0.14304772469228516 0.1474433961578233 
0.014791202012698242 0.014319570296020389 0.0151342912333879 0.15382820010997023 0.1401461626769844 
0.015825717987670827 0.01595911130801918 0.014964199640493486 0.15283227594881085 0.1372100902454088 
0.01364520353559496 0.01488853233436845 0.015915161228859387 0.16454258957351883 0.16309967946954004 
0.01629291435318332 0.015069213299642456 0.013629027898929506 0.1632920032654918 0.13715669137517889 
0.015026445746893526 0.013572147043779 0.015796650968889464 0.14294985791514886 0.15679748422336293 
0.015137414873899432 0.014692678680942945 0.015175181251159355 0.1466729837928983 0.15505899996843622 
0.014902255737045119 0.015284906281632312 0.015298218488051204 0.1448022078424888 0.13677322912962506 
0.013696935660167973 0.014019281297423825 0.01424367833136952 0.15718667275247333 0.14636900441468004 
0.014831937437502087 0.013602545638716308 0.015485132880956388 0.14228564046117848 0.1453163077199557 
0.14096437014903154 0.15662712312940824 0.15896301256394232 0.014243028492006427 0.015099879914236546 
0.15394777679000118 0.14717402837224908 0.15213827048695902 0.015243126820171371 0.015252575581454547 
0.14653827078525347 0.15260139292672611 0.1579872972227782 0.016499649770907187 0.01627276119506596 
0.1612103403730108 0.15077904858776525 0.1519708196651012 0.016208245762710308 0.014578141461841006 
0.13716925930629803 0.1640407407967698 0.15799811450245446 0.014030924750609347 0.014748853506966577 
0.15597921583648072 0.15619573818912907 0.15784326810306873 0.014293850535548776 0.013788102806847948 
0.1477914021952941 0.14686687828693995 0.14892124097770973 0.01632387177425522 0.01634389662189148 
0.1456314564057584 0.15808075815272488 0.1405658971480844 0.016189580217664666 0.014612340700646806 
0.15182136742214108 0.16323428800012232 0.1384140837229648 0.015690113379346737 0.01495613422896905 
0.1350039182935298 0.14077784912439456 0.14152175197174485 0.014364512322888755 0.016377557839519268 
0.14792102432918255 0.1549165228605575 0.156448488697713 0.014350380448427125 0.015110270852034036 
0.1426989255506322 0.1641974933399686 0.1648655810446645 0.014406744980861442 0.013712654757861615 
0.16255442140789203 0.16013102514855918 0.15116829061714485 0.015291844123418259 0.0148934220671619 
0.1475925795513725 0.15294450166629397 0.15896129280200935 0.013956549531034318 0.014665098899853022 
0.15700137267237146 0.14854462613967484 0.15870174428465436 0.016316383566947375 0.014118526159349856 
0.16358062582487243 0.14852404195687227 0.14967355247451541 0.013574062617450042 0.016113181706404214 
0.15075806760543956 0.13557232757188006 0.13728213957168586 0.014584500560859644 0.015364749343983429 
0.14026931755711505 0.16393941091201084 0.1642780877005627 0.015874508093189073 0.0162367653880176 
0.14901761515886144 0.15769627528731373 0.15204707851744284 0.015403491842199702 0.015432016986304904 
0.13599085762708762 0.14384173492449318 0.14254666218059603 0.015113929096785021 0.01464692058977818 
0.15789938956357474 0.14908747541720258 0.13782147092674846 0.014163394023943121 0.016012314534704156 
0.1571487781729517 0.15052283455595405 0.13936645719529078 0.013995572627708642 0.014284714499955593 
0.15789549095686256 0.15870787090474636 0.15682912290607923 0.014228686615529732 0.015557579921930778 
0.14586704865188588 0.13674820825003262 0.14405038423432284 0.015337776344658108 0.01544142010657272 
0.164314660121784 0.1423670241403304 0.1443571775038253 0.014744196891810182 0.013706857768112066 
0.13660913780524567 0.15724652993379779 0.1546209256933386 0.01633924916070846 0.01541146249369051 
0.1619048049164066 0.1615216280879726 0.15738516215685303 0.016160068998211624 0.015977708670735224 
0.1539525519737128 0.14057717314907775 0.16273017403847778 0.015969859493994928 0.016420450973019855 
0.1580000416376131 0.1378384387185104 0.1433371944189603 0.013530969208637568 0.01568992226293629 
0.14366279988705025 0.14809702870516525 0.13806240821490304 0.01636028165960691 0.014425301668550935 
0.15161034199506712 0.16069314879719518 0.13518091354530398 0.016298344972081706 0.014054510923019962 
0.15601954997822742 0.14140090296310157 0.14458002756768923 0.015659332911627376 0.015647394242000862 
0.1590659285818357 0.13561315339804295 0.14734554562545735 0.01474948508234705 0.013692129879074474 
0.15353393260445244 0.16016719837989238 0.16430531204158041 0.015272886772755222 0.015108089171033111 
0.1400767311645744 0.14850721801850963 0.16453513359117775 0.013781984477055071 0.015062139146114076 
0.15853648258127598 0.15849521729905033 0.14273888486589925 0.013772580110764394 0.013518079102059351 
0.1606498332346206 0.14305304841699712 0.14869275248002584 0.015878281288164608 0.015866994187303207 
0.15247101233374336 0.15160883350176801 0.1508032558282075 0.01599816348408407 0.01636330868055029 
0.14559122140154335 0.14853524872716575 0.16208603485327566 0.013545843144376079 0.014880452827238483 
0.16491575779830905 0.14524842582908104 0.1370208860849676 0.014386321555833964 0.016408624874221213 
0.1403077299340841 0.14616303097141572 0.15300385047796294 0.01411934112655349 0.015201719919818243 
0.14460788405107822 0.1424144533850295 0.15838283011582707 0.013758913711979941 0.016051006487491346 
0.14677331915894656 0.14939968357936814 0.14130261036310726 0.015223660242558553 0.015952762452559728 
0.1631682595183817 0.14272357149920692 0.1455381910798875 0.014965652275362508 0.01520841337251208 
0.15437528300875894 0.13677445345646488 0.1634632735414348 0.015675101475667003 0.015237855141967951 
0.14400680156058354 0.13810203464267418 0.135979327897841 0.016272542416998527 0.015271786365750915 
0.13596099346218685 0.1356524710859298 0.1430499591107339 0.016448246151597443 0.015520557168972611 
0.15112728346190699 0.14205158039259333 0.13662512133348256 0.014874172148520307 0.01629557370402387 
0.14377725676327616 0.14932554327649375 0.14861629259780307 0.016041206767027465 0.015055625438000014 
0.15780081889828348 0.16078194589181463 0.1548653493484179 0.014750637903721543 0.014455394377314284 
0.15551828087546096 0.14600500760177548 0.14849614853474316 0.014400522946160106 0.015210712390243459 
0.13967294297119354 0.15947801245336682 0.15654672730421762 0.01582394805841847 0.013711586620290022 
0.1601564526940932 0.14377460363266598 0.16120371311642964 0.013704850704064579 0.014571737897682221 
0.1603254094560716 0.15002706678941857 0.14766973313933487 0.016326191070791612 0.015216810718220349 
0.135621290586604 0.13606543752101108 0.15888371054163006 0.014708654341736769 0.014088218981292215 
0.14229236307992715 0.14388604357484408 0.13821477137131455 0.01400067104596477 0.01382532438608478 
0.160770836733448 0.14625406961332063 0.13956800295440883 0.015811542340463842 0.014259779095789613 
0.14714618721894845 0.13674566422698511 0.14414891543156189 0.016307399847468377 0.013528126616990559 
0.14316604329714538 0.14873564871912628 0.1380823431300778 0.015115317357961617 0.016396746740275494 
0.14004162785668384 0.144044808345368 0.14156981720799014 0.015949851468366465 0.016387331361916287 
0.14865266768476462 0.1451256113846347 0.14507862167412652 0.014022357571520384 0.01646789508761032 
0.16131702745514312 0.161482038581707 0.14673266724901307 0.01584553470679313 0.016037474241749082 
0.14838240499983316 0.1396559156947506 0.16239396345370624 0.016176608402242044 0.014832552379941768 
0.1597273808731457 0.16101029589523116 0.14934754465395964 0.015073972782901719 0.016457346766028787 
0.14661043961601558 0.16491925042369918 0.1572303407527216 0.013534992230016273 0.014159136590609024 
0.14762220041992832 0.14698413084269157 0.16039094791797723 0.015394434354732573 0.013695908495469658 
0.16307922978272857 0.14345082890735075 0.14537382468068222 0.014947656807443916 0.013509242173917498 
0.15068291031995296 0.16047736290579004 0.16428913685465335 0.01535040714775828 0.015194469849041239 
0.14759663102544254 0.16260865731098714 0.13834146563905395 0.014038938315007568 0.01549414627915804 
0.14354678590092113 0.1642277370330806 0.16019517471677408 0.015374025525673893 0.01373111778451847 
0.15892072808973878 0.1374806397993401 0.13735748854420146 0.014797423557434406 0.015985203787038743 
0.1376254632346695 0.14707367002096378 0.1506395578325977 0.01599854565287404 0.014668530341982691 
0.1621418922253716 0.13745526959015192 0.15819775987918372 0.013843015721045113 0.014350854922079182 
0.16302508493764536 0.16096556497976172 0.15597377690817935 0.014786374430587687 0.01583222651324475 
0.1373517384847193 0.1645067679565781 0.16346684489217486 0.01359493807545723 0.015691957632255546 
0.15696434178172824 0.15795335173768332 0.1434694304888648 0.013562597409610676 0.015550380496184296 
0.14604933391317684 0.15755136147589904 0.13520620750275358 0.013983546137485611 0.014975524288574132 
0.1571209192350804 0.14497573016333082 0.16313054770435592 0.01567821944699571 0.014564353610502196 
0.13823283834091812 0.14587830405634503 0.14483956030095335 0.01580981733719461 0.015937531446952966 
0.14467390680435183 0.141089764244164 0.14260938705334322 0.015554664636509034 0.016152710943638047 
