file_name
position_num 10
robot_num 50
position_x
-82.22267469646185 -14.186826581551259 -39.82695407944667 65.32926795919818 86.04671975285032 94.19375595317169 64.1817361189153 85.59049436012296 56.417759480785406 9.683069519924075 
position_y
0.6194025344302219 -39.87490515450305 -84.2713914406972 38.41087581819593 -87.93666677994302 -18.55270565045879 22.810683040708724 -31.52792309918719 -79.78334035220276 5.995220533005252 
distance
0.0 82.22500771504887 42.323446333393306 93.20865671490802 75.78462003075286 123.0320907104821 96.0034715388888 68.11477455017929 91.21262335750738 97.71563325582645 11.38878854694609 
82.22500771504887 0.0 79.17490501365431 94.88858745056507 152.31471115560953 190.14932690059752 177.4551400647782 148.07668431156225 170.86459625741006 160.2678104066741 92.06283310392723 
42.323446333393306 79.17490501365431 0.0 51.268549157047126 111.58616757250336 111.16067983469354 110.45807739706571 100.35494301287123 100.12585022724963 81.10296402082295 51.709190387038895 
93.20865671490802 94.88858745056507 51.268549157047126 0.0 161.58208357742902 125.92702651675681 149.26652799486982 149.2795307871116 136.05664197599458 96.34929937920698 102.952919696438 
75.78462003075286 152.31471115560953 111.58616757250336 161.58208357742902 0.0 128.03481686405007 63.85928500140214 15.64234138545848 72.81451015611985 118.52969129925108 64.39933313561082 
123.0320907104821 190.14932690059752 111.16067983469354 125.92702651675681 128.03481686405007 0.0 69.86063455814816 112.88513188905819 56.41058859159493 30.730311072960014 121.05621227788812 
96.0034715388888 177.4551400647782 110.45807739706571 149.26652799486982 63.85928500140214 69.86063455814816 0.0 51.10431741593271 15.56831326381292 71.94592785877568 88.00373174659983 
68.11477455017929 148.07668431156225 100.35494301287123 149.2795307871116 15.64234138545848 112.88513188905819 51.10431741593271 0.0 58.403930061745086 102.88738002876103 57.03388852617348 
91.21262335750738 170.86459625741006 100.12585022724963 136.05664197599458 72.81451015611985 56.41058859159493 15.56831326381292 58.403930061745086 0.0 56.388241279567765 84.6754005240754 
97.71563325582645 160.2678104066741 81.10296402082295 96.34929937920698 118.52969129925108 30.730311072960014 71.94592785877568 102.88738002876103 56.388241279567765 0.0 97.68363605678881 
11.38878854694609 92.06283310392723 51.709190387038895 102.952919696438 64.39933313561082 121.05621227788812 88.00373174659983 57.03388852617348 84.6754005240754 97.68363605678881 0.0 
lay
0 1 
2 3 
4 
0 1 2 3 
4 
0 1 2 3 4 
0 1 
2 
3 
4 
0 1 2 3 4 
0 1 2 
3 
4 
0 
1 2 3 
4 
0 1 2 3 4 
0 1 
2 3 
4 
0 1 2 3 4 
edge
0 3 3 4 1 2 2 4 
1 4 

1 2 2 3 3 4 

1 3 3 4 
0 1 0 3 1 4 2 4 

0 3 0 2 3 4 2 4 

demand 
0.09130735988780199 0.10304068877770481 0.09582099857890217 0.009293571413041393 0.009485075040829237 0.010152318961270597 0.009774234972689262 0.010734024447765238 0.10572765911584424 0.10842347888588327 0.009031106791728418 0.009541545372579766 0.009167318430329998 0.09684628917417727 0.10848977095888115 0.009001714222958689 0.009477309272252345 0.009812834316967339 0.09971627238384728 0.09823188213562484 0.009440437714471065 0.009561674303960129 0.010530949575374015 0.09998878636933752 0.09869028121304804 
0.009264508125731876 0.009199115176931227 0.009653525014764897 0.10274158765821827 0.09915961031378354 0.010755020664971804 0.009428675529632764 0.010371635041869083 0.09113689384770834 0.10807278605010578 0.010904442074264938 0.01092550093782052 0.009512467139647953 0.10662613459241373 0.10977443277577606 0.010275809993858092 0.009517953719514699 0.010470585227395362 0.10338356247947517 0.10079666796132758 0.09901038893758501 0.09685657735418823 0.10565291754957962 0.010374141686253276 0.010476602253226266 
0.09554689091177686 0.09598134299299399 0.09528064113006107 0.010514308560878172 0.009112437748171833 0.010263583979425317 0.010104517024186991 0.010323218340378639 0.09996288098517214 0.10427651202423019 0.010141514598950114 0.010312976217352894 0.009216402144786343 0.09557905426738611 0.10904054046372819 0.10374169604172219 0.0933420743067802 0.10589233057893775 0.009621658615532335 0.009153355938721386 0.009675565508632642 0.010824061618575557 0.00999968981371379 0.10992463266075024 0.10355178387905713 
0.009138120934771107 0.009978007023848143 0.010720661164158343 0.10380321276063283 0.10440784258682133 0.10479716491292089 0.0941514165934725 0.10532929042922952 0.009055863519173708 0.010607912533110922 0.09458153526004885 0.09629350674222908 0.09143050688684241 0.009323970532186284 0.010482185922492818 0.1018762669159764 0.09901427780839449 0.09728719484284803 0.00979674899721776 0.009943174695114479 0.010078651578569109 0.009746214618793873 0.010217282018356455 0.10257480112874451 0.0938253923831022 
0.10387895520785125 0.10932673478944742 0.09424130982860963 0.010401234382365874 0.009326656363508535 0.1021492141648954 0.09468213238509665 0.09488678121346837 0.010698489841263115 0.009868577993413102 0.10442743058505527 0.09156555547328775 0.0900012729454408 0.009010227754904634 0.01044241673316238 0.009691930185926088 0.010438991154744781 0.009669194425158645 0.10450933208264067 0.09943546432961671 0.10750314793175023 0.09185161187248897 0.10708103177428506 0.009116541423932216 0.009949944094381566 
0.1056349312258632 0.10689616049512668 0.10689556346521174 0.009545419083851748 0.010240995821658983 0.10673971984921132 0.10273093941524314 0.09887919861598206 0.010275600472414038 0.009770130855439025 0.10561607282855033 0.10361741176243129 0.10041519455512385 0.010412493394582582 0.010951969437616184 0.010862625936831325 0.010438716492012072 0.009017932290868965 0.09321110769517127 0.09554254355425765 0.009182534824580682 0.009607641587086898 0.009219540629311717 0.10074770992807743 0.10867089104634348 
0.10750002323223767 0.09297506564172939 0.09582196154528434 0.009175509904811169 0.010229298572630363 0.09756842972057617 0.09215238292224572 0.09199645597550582 0.010754983089480252 0.009294010235151732 0.09650360621016846 0.10624697585962624 0.09499295100041677 0.010153083765237795 0.009678682418284483 0.009244748913933362 0.009189640834763098 0.01025861232601828 0.10187606525886261 0.09732873898276784 0.009088620606260018 0.009069609424877124 0.009737086966430492 0.10539821833740881 0.10527009370443513 
0.010461262914907603 0.009569984904014752 0.009002148600639923 0.10478558201181515 0.10813425724016855 0.09985780473607626 0.09455812281165263 0.10616919089351406 0.009145583292856843 0.00989436255472231 0.10500319876403058 0.10075456062446296 0.10472697319582891 0.00993774590008229 0.009792068466631686 0.010521596781305554 0.009156458983939434 0.010419819246553086 0.10466746908533871 0.10081542796447658 0.01049202128658437 0.009830791879686877 0.01028537263902155 0.10977705369951846 0.0956652422570621 
0.009298204658531433 0.009865781319238624 0.010931989867637262 0.09795331417059885 0.10414668136894023 0.09920078193155253 0.09622931728342497 0.10234234287738737 0.010569213054306012 0.010830394393145633 0.09026405626984399 0.094851398681227 0.10252445265900222 0.009493672700503965 0.009161215004217559 0.1087326029684757 0.10050378985039653 0.10748202759152488 0.009863019345101429 0.010111038481943984 0.010185802123976555 0.010566840828509649 0.009297790005405373 0.1076103686636273 0.1038706895475277 
0.09448432790129271 0.10051423670126805 0.1053609445652331 0.00926257301825269 0.00994787700539076 0.09319007198550078 0.09914860198599011 0.09587978694003357 0.010348886394095256 0.01035853195534672 0.010371824136501107 0.01056109575922073 0.00920028287708242 0.09703202059094203 0.10413962919890124 0.010051524540393686 0.010453369680633238 0.010106950553008608 0.10915982801232411 0.1016932663435449 0.09853920530687155 0.10379559731868436 0.09607487747926313 0.009781125890926326 0.01084543385251114 
rate 
0.09062915343420401 0.09584697981236157 0.10192754227849053 0.010362392142718224 0.01080679250618827 0.009410852317998682 0.010879235968261911 0.00945371916973779 0.10698731135979674 0.09962043356649022 0.00910800156000553 0.009634871150651748 0.00958834280799623 0.10831061927366115 0.09631002634255936 0.010912394151886525 0.010192021607062389 0.010927358161902335 0.09661883074207264 0.09000601088774438 0.009881936902283514 0.009063092670631509 0.010144489136614922 0.1013352110092613 0.10687633911479906 
0.010334724853476713 0.009180666077010237 0.009208165991783859 0.10585098252136899 0.0917387780307792 0.010390148870264985 0.010605411636084434 0.010546009794614692 0.09902401571118034 0.10490167555221758 0.009059138178672743 0.01020496450920317 0.00944484343314491 0.10050086765797456 0.09589283575397406 0.01097377910498735 0.01029488059152463 0.010157157962655374 0.09891283569806532 0.10622495503224466 0.09078049563401995 0.10627128587547126 0.10565298775756336 0.00975794385785352 0.009265883154366078 
0.09091272707228429 0.10180691958779989 0.0923839687363154 0.009062652625032773 0.010954583929772636 0.010857803939761147 0.009221455846929558 0.010427791143995732 0.10813371764806885 0.10074045751211638 0.009297470605072333 0.010943778112303664 0.009630384186880567 0.10417258479086558 0.09296255849265285 0.09168744888667171 0.10218472051715584 0.10078962765833142 0.01048677804128096 0.010972438094049092 0.010589519737963089 0.010348654742304335 0.009007539488657118 0.10068727058837007 0.09502316837863017 
0.009865768936645088 0.009995168826186498 0.00977755043003692 0.09683134775501072 0.0968155574921633 0.10670858568636853 0.1012610621554221 0.098870188419805 0.009587105657206267 0.009702631348877866 0.09187247014506396 0.09041650734269602 0.1087619300080847 0.010775465789141892 0.009295185785795081 0.10565409748618144 0.09260537982647121 0.10434925657688701 0.00962102139114126 0.0101798587659417 0.009111294440612084 0.010136353419311744 0.00913831023904732 0.1006899884865003 0.10724625426937123 
0.10455957004169258 0.09024640136354689 0.09190105038304525 0.010812224303430474 0.00980037325820342 0.09456146692167094 0.0997477482356653 0.09703314448570821 0.010260079693076296 0.009272370517742427 0.0997180747361312 0.10531895651428036 0.10459600855938651 0.010837625861880066 0.010539838798238678 0.009421462050629726 0.010486267895893072 0.009292987686964531 0.1052896623284298 0.0945501583566003 0.09691948703557689 0.10117451195150869 0.10727716099590508 0.010415038676122717 0.009208649415547348 
0.09951922996534318 0.09152546153860748 0.09147798708446947 0.009213088660137017 0.009580497743531684 0.09152123991899373 0.10380570533869843 0.09400551699343601 0.009632032547075479 0.00940228815701028 0.09583336352989222 0.10582424498303514 0.09740999738224612 0.010839818941696699 0.01045870203672821 0.010295177742174495 0.009269364471713048 0.010334377435278468 0.09206995786495116 0.09067558427165517 0.009466314137098409 0.010660721210714793 0.009118441093372424 0.10261998243127667 0.10947106391690067 
0.10180479941064646 0.09660670118070952 0.10018611948616095 0.010406163422543158 0.00956523108749491 0.10087903953373419 0.09067295618723338 0.09398900278449293 0.009031507565480087 0.009844637645825017 0.10139025838404864 0.10579489743510176 0.10866675418737576 0.010548624160602387 0.009688912765215081 0.009713582160890919 0.010899115800420876 0.010072105432853364 0.09902040694816745 0.1026290052042104 0.010477172254011681 0.009258798168038382 0.009617389891558125 0.10526188461754736 0.09095583281921342 
0.009458069298568426 0.010063691326503605 0.009613445093946486 0.09018876116586005 0.09572022682147757 0.09100463198971186 0.09890225783541465 0.09040800362493441 0.009289409177673019 0.009570106256076273 0.09553652612874713 0.09712383048925344 0.10607372491908976 0.009373505153045648 0.009479230737992722 0.009096729970135747 0.010088009543501673 0.009430980245741917 0.09863887810094073 0.09747901889645676 0.009948499005992378 0.010809471809635676 0.009942678054130951 0.09637003355438503 0.10919191559187787 
0.010133234695771588 0.009411584545350585 0.00912226246240876 0.10728120756838658 0.10631913364983014 0.09010103211326509 0.09127717081566121 0.10289203423095641 0.009511607675273634 0.009543993006073824 0.10768261353863218 0.10959531028687537 0.10837733124882615 0.010431991218194978 0.010986229130585876 0.10536823134332662 0.10191355041263946 0.10140074162732433 0.01081394583488303 0.010577267765508524 0.010747381532839202 0.009007009506447906 0.00904642161379551 0.10519952517539154 0.10078450782768662 
0.10747865106782231 0.10042300485935432 0.10692484996116661 0.009051067246683054 0.009118315960306444 0.09135482221941733 0.09805724867555726 0.1083207636044056 0.010193913957101713 0.009362830803221594 0.010465199385311872 0.010198537060113502 0.009545990066340477 0.09109503909527765 0.09044321070361226 0.009283743065998407 0.009944502171490812 0.010100284563587598 0.09370586867290387 0.09841005010237563 0.1088833529785469 0.10210194444889442 0.10462996512956334 0.010924207178409438 0.0105360929003357 
ability 
0.015328046580710842 0.016121062022581675 0.015120224155674948 0.14769657794270424 0.16470677748364496 
0.014230504924808507 0.015403655128745508 0.01463509381804825 0.1437212895411787 0.14787270646010933 
0.01404232757484676 0.013548240981508692 0.015521715125992099 0.16209149035183093 0.16210373881305593 
0.015465142048608271 0.014455360986643696 0.015213411167286564 0.14413304591155865 0.1541614426163472 
0.01579490312380182 0.015824363993271084 0.01583518630206314 0.1403437496602548 0.16019649947464393 
0.013583668389988146 0.01422362688197436 0.014542583465627194 0.1423980001809318 0.1474457541770516 
0.015809919971847143 0.01483172490540146 0.015801037685199134 0.1521500641132423 0.16180515394116982 
0.015492928311160213 0.015815769721092228 0.015028304278948927 0.16463655374153932 0.14708958075319037 
0.01390729239682978 0.01599193022157474 0.014757050401467577 0.15244121363615223 0.14830122451767824 
0.014819385570269537 0.013521932875464548 0.013732621671615366 0.1609350538487733 0.15059654604702352 
0.016061785621844436 0.013975736568152555 0.014855286163772897 0.1501718857287742 0.14879351820514983 
0.015743437389646172 0.015334527318501746 0.016364622369732677 0.14672350086624442 0.159893278761428 
0.015641168910811094 0.01593240560947726 0.015086259245743076 0.15961791211834717 0.1479738316780402 
0.015387444003990102 0.014127156544097156 0.013766757477696824 0.15630334150229702 0.14008302382962512 
0.014422291290873425 0.014953790105002146 0.015483048100577986 0.15070634909970163 0.15975287256266396 
0.0164980674820447 0.013887126578898977 0.015458492946922824 0.14180622559427056 0.15535963638296368 
0.015108478916648507 0.01576182395312388 0.016017737111282175 0.14797033601194712 0.1646505833657443 
0.015559589819002316 0.013947262302219512 0.014664652873723988 0.1459265686191849 0.14781257417252272 
0.015413726795951566 0.015665546678065776 0.014030715987779378 0.13626199876666525 0.15019744504920976 
0.014871076680325689 0.015499108913641283 0.014876251522903429 0.1641931851044014 0.15918214469101732 
0.014264304951327482 0.015646228608014397 0.013625332794207549 0.13715578725218341 0.15143099229226856 
0.016180601751996232 0.016041143322765655 0.015321143238912736 0.15435556419853305 0.13772051267459373 
0.016363915169212873 0.01594603284696681 0.015592033648605496 0.1420738355386985 0.14337990359604597 
0.016164823998986496 0.015430928961209988 0.014285559243693012 0.14821405934133305 0.1576394654449821 
0.015695114392859765 0.014562881294926423 0.015083656406465723 0.16475823645776136 0.16261089130286238 
0.15584867036392874 0.1586203042951842 0.14340860475859424 0.01404385417097344 0.01607525233389959 
0.16082055699700412 0.14387929885346176 0.15955765319627666 0.016305920753095154 0.014180491424348874 
0.1533682678668445 0.14569251804085517 0.16260180000804594 0.015104435132981455 0.014341344772122566 
0.13554590939928712 0.16327767985870634 0.1403243687756726 0.015755650772001473 0.013966166529748298 
0.15698764135471635 0.1412216748814932 0.13943874390268488 0.01622284235080549 0.015620018397821367 
0.150764071407195 0.14585455924473 0.15046063231158296 0.0162977497875915 0.013809077884441339 
0.1489886392044581 0.159175441090621 0.15118701693453168 0.0151841878183187 0.015013195012306697 
0.13660453758192162 0.13548280746036567 0.16486141292850523 0.015139132498039705 0.014932627833775832 
0.1580557171895898 0.15168905290481316 0.13536163834334877 0.015666799398763892 0.013863443988619224 
0.1624981870650594 0.1608914689506847 0.14323695657115582 0.01619929259372956 0.014533093958756859 
0.13943895873241358 0.15462496233407766 0.16125261398792953 0.014138475416705557 0.013851061635852384 
0.16170231967285154 0.13500884706542954 0.1585423586197521 0.015345645512584256 0.014382073223067181 
0.15786336350673022 0.14949114315059334 0.15856432022036993 0.014475352182839988 0.014471810070678949 
0.15955949253338858 0.16434969190823187 0.15999403594976874 0.01533855456704749 0.016017995972887486 
0.14392236302384936 0.14177619079172582 0.1498202509606117 0.013776222293562942 0.014349185192411847 
0.15480650245668728 0.13993155826788142 0.16275306954659818 0.014851895527108736 0.014144649311698634 
0.14347707494596112 0.1554654068244052 0.1505374167638117 0.014345967393891892 0.015386239660385345 
0.1623771353807305 0.1587715222618107 0.1442484716324988 0.015582020414735104 0.014310062823776335 
0.15223109994082987 0.15593596766568182 0.13949612510148954 0.014961725111464243 0.015817425594426622 
0.13742171213633578 0.14026156279175162 0.16401012906604817 0.01607517233744558 0.016019052631397877 
0.1556040338772689 0.15210504133940508 0.1628613035072946 0.01495310508689505 0.015665098900172543 
0.16394981149447763 0.14793639700457553 0.1623544564776127 0.015866927798678234 0.01632679369136579 
0.15780028945705393 0.14373390534474176 0.15054073874807772 0.016227085110645564 0.014591546229022858 
0.13973760395613644 0.13682822375370798 0.16399208611715474 0.01371865895757986 0.014325675463117308 
0.15739467670649207 0.15756025467642937 0.1560749418021413 0.01579364952176744 0.014059223372716393 
