file_name
position_num 5
robot_num 50
position_x
71.3386030867741 48.76840500875295 -36.998577779373164 39.79438116652031 2.744731546337647 
position_y
-22.803273940924853 -91.227395603703 6.478191511342175 -72.59396618942446 90.28174846172197 
distance
0.0 74.89449641193374 103.44464720676605 37.56143930887036 82.78572763186665 90.3234612742841 
74.89449641193374 0.0 72.05049803161513 112.22454712341954 58.94192880402726 132.26239641225706 
103.44464720676605 72.05049803161513 0.0 130.00906541497173 20.68182283208761 187.2531652558595 
37.56143930887036 112.22454712341954 130.00906541497173 0.0 110.22506369751206 92.75002314659918 
82.78572763186665 58.94192880402726 20.68182283208761 110.22506369751206 0.0 167.0364479989322 
90.3234612742841 132.26239641225706 187.2531652558595 92.75002314659918 167.0364479989322 0.0 
lay
0 1 2 3 4 
0 1 2 
3 4 
0 1 
2 3 
4 
0 
1 2 
3 4 
0 1 2 3 
4 
edge

1 3 1 4 0 3 
1 2 2 4 3 4 
0 2 2 4 1 3 1 4 
2 4 3 4 
demand 
0.009942633821590887 0.010450100025107434 0.009305721577986582 0.09670911890786621 0.10452450224282449 0.09350035592410538 0.10271364071647718 0.09427223595662793 0.009399764527214199 0.010865501609702262 0.009739890274068793 0.009450869507381363 0.009657698979439902 0.09234017148863503 0.09540177778804293 0.009270834305440798 0.009949697848862564 0.009745525993488123 0.1055671554750203 0.10206997849927268 0.01077889597928641 0.010900904611121505 0.010070849157486532 0.10246628639616505 0.10442210781386048 
0.10050052966316914 0.10189639246412407 0.10024119387682427 0.009611543414978947 0.00914161431865682 0.010951767564162607 0.009969048911536302 0.01096294606976278 0.10147353646641676 0.09432558158293626 0.10034455880984883 0.09254612143859714 0.09390190772163998 0.009353167267360256 0.010581801750449262 0.009286397662013557 0.009921058288042508 0.009730588707183619 0.10367272853963463 0.09444366024779616 0.10268189772349784 0.09426892160159304 0.10848837410260986 0.009013323922585732 0.009640349566714015 
0.010396940711551578 0.010578476493478893 0.009993023621315975 0.10096005549369157 0.1056650692380779 0.09982329983244173 0.10763706864558152 0.09691382419657713 0.009978418180285565 0.010224063014137388 0.010972852840819782 0.00985892400182967 0.009318049513668726 0.09654037409590636 0.1019810474564977 0.009007646673643567 0.009022002852876652 0.010819400536989075 0.10761109585615625 0.09137938266827116 0.009735101923148673 0.010087308250606582 0.009686461397610507 0.09394456578207332 0.10598696610785166 
0.0901051113239307 0.09385492810763935 0.09448461344531726 0.009905209766175847 0.009363620395878802 0.102486443325363 0.09631529188618665 0.10033378492682608 0.009566054712006843 0.009839658676404715 0.009405563060030733 0.010184629569887185 0.010289489486595893 0.09144288401009268 0.1006776142901522 0.1087827026742124 0.0959870257714874 0.09134046658520244 0.01064149445633831 0.010982574716095414 0.10802769182819089 0.10772967202560545 0.10294400970496363 0.009562609286237344 0.010133429660527429 
0.09534573248270622 0.10964718589724645 0.09831120961149352 0.009444542449151234 0.009201798473254322 0.09766619700823881 0.0915676648472156 0.10487790448016805 0.009759707179300787 0.009230156833681977 0.010722920223246467 0.010239492676394669 0.010081310658043104 0.09116341410018712 0.09742252378904619 0.010257566728311936 0.010201698321482502 0.009986660815735644 0.09767578763197012 0.09097890693195504 0.09786120617449554 0.10966022633215777 0.09509673797796468 0.010258826232435294 0.010996174199169395 
rate 
0.010716871095889667 0.009560252625075243 0.010674975595460198 0.09807649924173908 0.10755141762898979 0.10927792876613791 0.09648732491035805 0.10439201935083936 0.010546800201314306 0.010996298681908299 0.010803959325981683 0.01079787575631614 0.009293219877594431 0.10455352011876272 0.10525003498018333 0.00970700021003509 0.010991635706682016 0.009461023191577125 0.10148000122616385 0.09674969489313912 0.009257324050755225 0.010259069786841733 0.010420490504194493 0.09697804597151338 0.10758273903879248 
0.10841796881624886 0.09080901942195077 0.1007970572320712 0.009693763443104046 0.009323759433155552 0.0101084903722861 0.009725088188460932 0.010679825679769304 0.10938313643019355 0.10949826318786067 0.0984915794497545 0.1092120580569673 0.09038395765644687 0.01061760921080525 0.01004900677153713 0.009053176681978706 0.01070809391462142 0.00939441616680549 0.10685823782287379 0.09559490986192903 0.10652052359633353 0.09961407969010959 0.10056295630328632 0.010981507119259057 0.010473104053120155 
0.010011648502308568 0.010982661589286206 0.010380518435546923 0.10791795111418262 0.09394690510772286 0.0907847154103387 0.09546408765420554 0.10591015702105211 0.01084063359622321 0.0106023394627639 0.010261670890486475 0.010207785433062333 0.009797082106154221 0.09503874557665086 0.10372133969685987 0.010237525221014863 0.010024580814679204 0.010335474320339882 0.09082404243380532 0.1042784724519516 0.009421556530290568 0.010046288643040318 0.010371796358229496 0.1086188666655036 0.09349918142098884 
0.09194277981354687 0.10439925858861657 0.09231766481727466 0.010753986531229423 0.009220528150131616 0.1054818535914472 0.10276142953821306 0.10651487350257555 0.009118019432455486 0.009949094261650356 0.01007313420609118 0.010804562436387409 0.009878313500823209 0.10086691307049947 0.1035769210774719 0.10803258947500485 0.09721824362863885 0.10369090529011565 0.01017584568109149 0.009008501705818173 0.10862076279476857 0.10664788642991528 0.0909509750713038 0.009419608238161037 0.01028196251234725 
0.10058319575853561 0.10370820282322371 0.10650064337758088 0.009787690019051668 0.010847919530233466 0.10223139439245038 0.10210727494074955 0.0929556122889228 0.009855319164525712 0.010679325310060092 0.010874322426155023 0.01027827090388739 0.010932872088248937 0.10068610896695343 0.0928570250156452 0.009853176225877844 0.009890832664711918 0.010811448105934887 0.09900637861498472 0.09679814739136477 0.10769473233670146 0.10133482630190352 0.09626553772587948 0.010684164936245924 0.009258719623730056 
ability 
0.014647746620937478 0.015814897874502947 0.013838696224248269 0.13563240128004223 0.14286357710353542 
0.01379955265947804 0.015238437023678202 0.014303715699278968 0.15409190554102078 0.14187019123980768 
0.01624365738935273 0.016010654458798127 0.014314628463122474 0.1409281416291805 0.1540431939923476 
0.015699347098333087 0.01598076860977546 0.01504111801121548 0.14440486548738662 0.13517617668651488 
0.016044957489148783 0.01382166847393194 0.013707798467445256 0.16008973760212206 0.14840699361534004 
0.015715992586050328 0.014262141916133585 0.01475147145615916 0.13559150024729336 0.16443925532330275 
0.015475744053881085 0.014628748230891341 0.015382532873371615 0.15320155456180343 0.14326970521654095 
0.015531145187171316 0.014134614010242123 0.013700171922290021 0.1530863517453842 0.16410226103638628 
0.013864952444340453 0.014057901118281412 0.01480760290496561 0.15195200955210833 0.15222659450619427 
0.015433129379908421 0.015561602986208439 0.014479605007754692 0.15043615069812477 0.14997016890444587 
0.13536712747952792 0.13544710552555544 0.1363757597639471 0.013538107903833835 0.014203148227818327 
0.1440853756441727 0.15285282076316695 0.13882001394687604 0.015936897648018658 0.01646167701892318 
0.13755901034862963 0.14008740286780907 0.15173570443466491 0.015875746102281017 0.016434650678949926 
0.15114145073519464 0.14228587423830227 0.141856624717947 0.015501378661716834 0.014585582604256091 
0.14675646122351096 0.1602776103318399 0.14586027486752637 0.014656881883213183 0.014624449062744283 
0.15585499184246757 0.1624898286962998 0.15574474534336155 0.01606841427945276 0.01404868050006242 
0.1410469497919623 0.14307919919072978 0.15476214909729372 0.016217237398205457 0.01640439518186551 
0.15964585314468302 0.16431143775198195 0.14352349683680235 0.015909500103941737 0.016461605366243682 
0.14715537384328925 0.16194389006852578 0.1513912645441195 0.014828062328895516 0.01528627904337626 
0.15376446420074608 0.13663254247196185 0.13541496141523038 0.014166159756799926 0.01616071190272354 
0.15223726340418223 0.14205510093068918 0.13998375989439416 0.01455688696808092 0.014456212982077565 
0.14327731643454017 0.16019050560798628 0.16038486904148602 0.014697818746740395 0.015088137245835822 
0.14975218502793775 0.14165938847022835 0.14555596905600482 0.014260201534513548 0.015901918953231408 
0.16172773065351523 0.15069798270137166 0.1370405785899814 0.016029566680239957 0.014143741823362473 
0.1558520404549074 0.144853232111275 0.16439115881611427 0.01466372916625149 0.015489890400521133 
0.15543236911044314 0.14379536148520303 0.15442450913637495 0.01591801591476676 0.014386911684787382 
0.1428808340776547 0.14438752529778937 0.15949535343200041 0.015410371796903086 0.013931967969358909 
0.1437735693953918 0.1452478226735685 0.1560986496858446 0.015358654723572781 0.015730994753708826 
0.14355661036670148 0.14763133013174135 0.1548237465048365 0.013605928999892285 0.013699464524871006 
0.15452600567365823 0.1529096195284161 0.16057072553410365 0.014113339124346584 0.016313063301185655 
0.16300640258057958 0.15740045628400054 0.1407914423973564 0.01445792957762374 0.015557726253024163 
0.1560813213566222 0.13970503525372718 0.15634076662905816 0.013839220503133617 0.014708107147276323 
0.14446560211680834 0.1528331991622092 0.13912850486585526 0.014063493223716025 0.014834224795223958 
0.14459626592280764 0.14581291970800214 0.1394925486114409 0.01571845055778473 0.01501469975233221 
0.15076593711369926 0.13667252795523535 0.16221909468787923 0.015080465947030504 0.015408686828629729 
0.13890822571165942 0.16286852356525505 0.1508076629539713 0.01548827791766471 0.014881632518950355 
0.15530020266025718 0.14918295628680828 0.16354070043147023 0.01409567133720687 0.014985323971649167 
0.13882127714928527 0.13717604764438687 0.15204614279715237 0.01518612151210958 0.014213394393989975 
0.1384892403953758 0.14905515821190893 0.1638303168074794 0.014267403870289559 0.01521571263016678 
0.14460004130734477 0.13838809651841183 0.15614492380446374 0.01597927825892997 0.014010912386654611 
0.14549824774821632 0.13765409482769186 0.14936100020242932 0.016287421863667526 0.01616958060790038 
0.13660285757441148 0.15363565086617367 0.1515525701021089 0.013669693623592705 0.014511711987586984 
0.15829307611697255 0.14408428207508361 0.14934689721404895 0.014053442352435776 0.014128838000936006 
0.15801156145776396 0.16287633930063408 0.15354893125865088 0.015280207337641497 0.01448249166549776 
0.14599902041149568 0.15540487829509184 0.16209796283732558 0.014661607524547818 0.014699049911519874 
0.154729660476734 0.14295788094952905 0.14965489372556887 0.016365218818412137 0.015995694101222077 
0.16319772681925013 0.13526857542379725 0.14593869988286556 0.015529355715031565 0.015556522179028762 
0.1632672089950952 0.1568650596670009 0.13740973160259312 0.016318780867767835 0.014599779593405375 
0.14475332750210818 0.13558145218282036 0.1596023788790912 0.014995050101009242 0.01512443339738341 
0.145378356676784 0.14735983522185497 0.1641904949004803 0.013703395089411199 0.014161792768854205 
