file_name
position_num 5
robot_num 12
position_x
16.886793147094025 50.440012226065704 94.74101740272002 8.558828728774003 -54.580496528517216 
position_y
10.796566266418878 -20.19569521471783 -37.793488554144886 38.663662612605805 -18.799486860585475 
distance
0.0 20.043194005395343 54.33287162088374 102.00102036545898 39.599650955909944 57.72738784598525 
20.043194005395343 0.0 45.67645763713096 91.77294624185656 29.084876656442415 77.3530856157283 
54.33287162088374 45.67645763713096 0.0 47.66824299341371 72.2388921217563 105.02978937825009 
102.00102036545898 91.77294624185656 47.66824299341371 0.0 115.2087913710017 150.52470436128286 
39.599650955909944 29.084876656442415 72.2388921217563 115.2087913710017 0.0 85.37322730999652 
57.72738784598525 77.3530856157283 105.02978937825009 150.52470436128286 85.37322730999652 0.0 
lay
0 
1 2 
3 4 
0 
1 2 3 
4 
0 1 2 3 
4 
0 1 
2 3 
4 
0 
1 2 3 
4 
edge
0 2 0 1 2 4 2 3 1 4 
0 2 0 1 0 3 2 4 3 4 
1 4 0 4 
1 2 2 4 3 4 
0 2 0 3 2 4 3 4 1 4 
demand 
0.0092379102298327 0.009629240136418856 0.010345067872169515 0.09250262404819654 0.09911037910041472 0.10387076229187851 0.09455862766680763 0.1068585320306853 0.010331810206730897 0.009827956175884243 0.010859650560899778 0.009571403734867865 0.009724914093914207 0.10584632085987428 0.10857388519226326 0.010607154817957296 0.009788303512349623 0.010207301771652206 0.10826547069077085 0.10348804225410296 0.10661596095589257 0.10461246576364891 0.0938794910010136 0.010918384093840737 0.009704165595280987 
0.010952429408427167 0.010182082940131955 0.010032776109483292 0.10263610713662469 0.1057636232389137 0.010975032285555082 0.010526922009475238 0.0100531717090067 0.10403558858235135 0.0950166598434149 0.010298554051811544 0.010607673730735664 0.00962215265434847 0.09039481293641496 0.09837462003032703 0.00997060575905384 0.010662344906896864 0.010812513864271914 0.10852248245959234 0.1095321248144761 0.10543745647237186 0.1092736912220827 0.09785068168813259 0.010665057595462647 0.010064048631585436 
0.10361498891130237 0.09443319597901775 0.09911448590121646 0.010023331884071287 0.010023216070842838 0.10095929828962075 0.1059952292359002 0.09734122486817749 0.009867054243471339 0.01036773548045057 0.09701206390454876 0.10668602352902821 0.09674399903788722 0.009491714427289197 0.0101011407169478 0.09902210275896614 0.0918201828103511 0.10654654249292393 0.010799956253293382 0.010554964099523223 0.10345937685954765 0.09087469137505914 0.10510875384126012 0.009648943288552536 0.00909011549627174 
0.10091182707019207 0.09339621206043747 0.09739268974094767 0.01033381630442355 0.009649412348661623 0.09700276445765305 0.09317000792856978 0.09484182033901743 0.010271243914944075 0.00918350854453183 0.009919090867147333 0.010277779734228661 0.009041643498282504 0.09233740484070108 0.09990756133838086 0.010688241025904101 0.010599570989519717 0.010935459450398182 0.09366655280014635 0.1062744556153799 0.009178424653207836 0.00950877995643647 0.010227813582413621 0.10909742428497127 0.09943489728679822 
0.10626312943925836 0.10300503607785245 0.10099731421693121 0.009484197580647913 0.009946082289425595 0.010491298453356245 0.00958259898468006 0.010603394457289573 0.10800236488296588 0.09841508079583804 0.01095299383624326 0.01065229785752834 0.010670732377911702 0.09189955780249577 0.10304108059217046 0.009980952233949316 0.010450363885310546 0.009576972847234112 0.10322348371455908 0.09611787748717643 0.09400731516500684 0.10483981364965096 0.09931287511069115 0.010515228966243642 0.010917757645610916 
rate 
0.009632238782164595 0.009734684577802721 0.010846741600271818 0.10618056428386279 0.09108860571711011 0.10335079480400888 0.09655410548559563 0.09556297860359152 0.0107982903165887 0.01005296661446602 0.009148743118031405 0.01076000935981019 0.009364692343374349 0.1032151818241818 0.09063063577131998 0.009595903522560538 0.010756950735976472 0.009536485156738777 0.1067962901394623 0.10987968008754033 0.10496950612845131 0.09420727509530344 0.0928339346901822 0.010421083375600295 0.01034458477713827 
0.009193629276816873 0.009775719370994689 0.010748240944909497 0.09269437762580168 0.10911499544834065 0.01063199848285434 0.010850394110088228 0.009739021570700824 0.10633789252363593 0.10784913040341318 0.010113807819164823 0.010517995436468289 0.009003203768822958 0.09051725225154628 0.10027774884555939 0.010675319430104828 0.009365550933482927 0.009475508953733015 0.10748449112759118 0.10171059912797827 0.10793117150897152 0.10014749292986168 0.10843153923966664 0.010072408657095919 0.009934129907781948 
0.10413772606354577 0.10164597947259389 0.09074571433801273 0.0095138115588952 0.009466973156258291 0.09808868436860334 0.10191355614372076 0.10676351745054312 0.010728891663862398 0.009556056155920714 0.09612426897145182 0.1013099728963971 0.09040849548041381 0.010979275768126412 0.009472224136600827 0.10693626844361948 0.09676396536626956 0.10978889440411642 0.00917556192274912 0.009090445507217325 0.09849410120761175 0.09024841492833315 0.10370302933081316 0.01032714316926185 0.009117175835482506 
0.09921896525202945 0.0935292003732312 0.09168108280765214 0.010330139564807364 0.010507350606928983 0.10305423653928068 0.1095542848828549 0.090110497565445 0.010344397092820333 0.010151398920628798 0.010962441151510483 0.009885611922322004 0.00919983847664514 0.09545515413726713 0.09509002906299546 0.010852311293414636 0.009402757683543208 0.009888953062261839 0.1068510554080902 0.10444536706565154 0.01047360663504561 0.010872702579188044 0.009191464831214984 0.0987575187482458 0.09025879378788021 
0.09760069139734334 0.09924308474987831 0.10390187261191855 0.009332249754401488 0.009935868600072948 0.009205188218958276 0.009819757592141449 0.009428386584550036 0.0998017429567853 0.09556327865764028 0.00950185933225395 0.01075745848732093 0.009149610994613118 0.09614366927845541 0.10879997608647972 0.010693991296455874 0.010422690294098057 0.009307823518098201 0.09574619200638615 0.10168738933347506 0.10495701311281036 0.09099554308233596 0.0945663418143415 0.010968696383684954 0.010645985681885621 
ability 
0.013604678980622847 0.01632680432474658 0.01419809280856993 0.15243511378060243 0.14853086176077684 
0.015376812749288975 0.0135665907385309 0.014592860811670098 0.13611476277542386 0.13677064862509258 
0.016266870605997196 0.015589850440317186 0.016476463758037598 0.1522537272545509 0.15905915513681718 
0.016440146451559796 0.014110081126747871 0.014101538359849572 0.15796625329045602 0.13661247951699848 
0.015026882211532406 0.01534187946395086 0.01490620832938852 0.13956769595439586 0.13834441161633534 
0.014820495404621915 0.014704731350448027 0.013902502454205013 0.13832685586463753 0.14493897540988135 
0.163793611269584 0.15446289397719362 0.1355093983957451 0.016010654280160713 0.015124146842246012 
0.14669007536922204 0.1550279050087695 0.1437423388245684 0.01573434962299969 0.014681463553352574 
0.15614288686984898 0.16314178850267896 0.15097497960664594 0.016403735937589647 0.014165642823599549 
0.15726179108603705 0.13903748754609235 0.15370739713925344 0.013917708275973214 0.014534580065769426 
0.13812081577431318 0.1535698423958047 0.15287104915817826 0.01616504128970599 0.014883556807014997 
0.13862889961217753 0.1455151169135864 0.1424923677782503 0.01535248658463698 0.015690150632921753 
