file_name
position_num 5
robot_num 25
position_x
-9.40723124021677 13.9053959691093 -20.108167081919543 -12.473415976601075 -8.252786340144983 
position_y
24.859506902508627 26.79706924294168 -12.179321817821084 28.5707650449298 15.126844218256302 
distance
0.0 26.579899981805507 30.1901135650188 23.509025146450572 31.174905314658286 17.23165396528951 
26.579899981805507 0.0 23.39300611772832 38.553662094049635 4.81403425801308 9.800891079526362 
30.1901135650188 23.39300611772832 0.0 51.730856667445806 26.43837582880504 25.043545982487032 
23.509025146450572 38.553662094049635 51.730856667445806 0.0 41.45912449343213 29.768721103236285 
31.174905314658286 4.81403425801308 26.43837582880504 41.45912449343213 0.0 14.09087370328742 
17.23165396528951 9.800891079526362 25.043545982487032 29.768721103236285 14.09087370328742 0.0 
lay
0 1 2 
3 
4 
0 1 
2 3 
4 
0 1 2 3 4 
0 1 2 3 4 
0 
1 2 
3 4 
edge
0 3 3 4 
1 2 2 4 3 4 0 3 


0 1 0 2 1 3 2 4 
demand 
0.010609283355197533 0.010516700140707259 0.010406300199755008 0.10353653423639538 0.10485925603528819 0.009858645064237583 0.01080543791133567 0.010808382939602162 0.09579143281756863 0.09393213952924785 0.10936506986832822 0.09143388732643368 0.1037037090351099 0.009917722555239972 0.010911464342194383 0.01086896870380938 0.01075605015734804 0.009014104520610015 0.10941341114090447 0.10001148611802146 0.009148536698436951 0.009623878045299432 0.010237287817832976 0.0937679165331766 0.10422373025149995 
0.009693805531760719 0.010050606114155826 0.01081190943720338 0.09137678371820253 0.10942956950836771 0.009369102677237092 0.010583446716294865 0.009766592874256724 0.09993651688536762 0.10922934390569812 0.009115266089199053 0.010354253192072692 0.00986275647901083 0.10069907854578156 0.10151854001028922 0.010990807180468158 0.010222261481785353 0.009940170069108849 0.10645740478862915 0.10685349725739442 0.10062022015899957 0.10159003692112414 0.1009895276545544 0.009406849461310606 0.010444151915721256 
0.10045379806851132 0.09213645895430618 0.0932431180856268 0.010888958161916663 0.010225845156015904 0.09748373161585953 0.1042461850275812 0.09210622224431887 0.009973704110624464 0.010256046629364426 0.10363003621327965 0.09330992151182571 0.10225492934240327 0.01083444930402109 0.009550559773335422 0.009602567517200719 0.01048192156011644 0.009120404406360883 0.10475721326798293 0.09745214911233205 0.010631680978316509 0.010387189690944447 0.009733570189625508 0.09613256211896185 0.09796777380629346 
0.09694762743934815 0.09868786554431136 0.09615373688611245 0.009478743176906812 0.009529195027736186 0.10824152965551695 0.09293989673555104 0.09681704127278803 0.009545969788457816 0.009302270646763035 0.09865009812199382 0.10916095942251845 0.10773306908586718 0.010212104962841652 0.010874178336794525 0.10742051921177341 0.10113305855144189 0.10798946565829222 0.010462000445198997 0.010727729428356514 0.09148754600461913 0.09700981581538863 0.10284913545544433 0.00942843113973586 0.009356532535093769 
0.010992266773981631 0.01090296376812219 0.00969553736552676 0.10790165231361873 0.10392885251652823 0.10918632594667912 0.09164512353966935 0.09193359951117636 0.010970438987525906 0.010108500257533322 0.009556056591611501 0.010680528286854332 0.010270551394602591 0.09236621480563177 0.09939521889381758 0.00954234045757467 0.00991543924311261 0.010765662958596515 0.0996227356822532 0.1006318348750897 0.09171483068093239 0.09438682899473312 0.09395507748455721 0.00983140231612069 0.010840115729932685 
rate 
0.010973976313833414 0.00980919364991244 0.010459777418135278 0.09290313003138868 0.10849925472312999 0.009048967997262463 0.010373225937850101 0.010832633556965864 0.09861393866124261 0.09233008918455121 0.09123452591606315 0.09353065097626921 0.09482308840803234 0.009508391083742377 0.009317234674952818 0.009564058425613515 0.010536033160973029 0.010423056367258378 0.10046604095687972 0.10572192775875916 0.009647731929424445 0.010667829810446961 0.009816151662918058 0.09061534214629482 0.0995785501012137 
0.009219606870510702 0.010086836132570673 0.009687654648788895 0.09155433303548345 0.10633933554067912 0.009832699007231459 0.010324063973935687 0.009766419216179462 0.10608604376959818 0.10942272156840845 0.010303278659669965 0.010386931724428212 0.009533325531621397 0.10440348320563096 0.09626455728976065 0.009426379611474222 0.009038205929833548 0.010827521299686962 0.10097926399701761 0.09044266448833906 0.09824360803828698 0.09051216453624994 0.09209297683087067 0.01037094471116451 0.010817014414456306 
0.09685628914351752 0.10576751293437635 0.10902802503086427 0.009945457095650225 0.010634858954540425 0.09280408499634017 0.10435476821429866 0.10365795689014026 0.010693705944835808 0.010503620543282107 0.09401122376250091 0.0994075933479644 0.10798895477826537 0.009689012014419393 0.01051778521960535 0.010658072762169953 0.009996062071670673 0.010946750166894422 0.09604181180948647 0.10917875176426746 0.01085739333279637 0.009735975821245656 0.010589172783667406 0.1085672630817015 0.0982741179947515 
0.09067645928727035 0.0993072167216637 0.10660024105778461 0.009310957490099768 0.010553820254706256 0.09944841687926005 0.10007506557557302 0.10533633919971991 0.00980562848322047 0.009117708537269452 0.0998084244749126 0.10704369404529315 0.09444567927481107 0.010612981502225711 0.009354206347302605 0.10886997961559929 0.09842165943581967 0.1062908826000572 0.009926789266881434 0.010368575362004423 0.10057539171758079 0.09251356143205837 0.10809359782319375 0.010262701165278054 0.009124712354098497 
0.009806528561845374 0.009023784072702646 0.010921070820168018 0.10942243874425939 0.10353059758984325 0.10392792326072492 0.09630516609661388 0.09132243896223813 0.010640082783782447 0.009825332794784668 0.009007961086983766 0.010922321035448277 0.010879566156251606 0.09823580341520038 0.10164811888076171 0.010674972855743687 0.009178595098163577 0.00984959658637702 0.10534561570166452 0.10859837086175349 0.09356993363691708 0.10225081927217881 0.10551527037476471 0.009149053141296085 0.010427496176449825 
ability 
0.013789569875255713 0.014790393324083658 0.014965600253313158 0.13613386753309303 0.1375708799535744 
0.01613490621406038 0.014299665715846045 0.015280569848316569 0.16155335931724482 0.1360049360498614 
0.01631882280868626 0.01581564047044141 0.014271845668494742 0.14717985971086855 0.1537333498681858 
0.014076546225354022 0.015696870695632987 0.014233261364317415 0.16153816343404706 0.15441238448830275 
0.014534520115316026 0.014273137198590434 0.015362285376183017 0.13927313706116734 0.15289380889299492 
0.14599736183800427 0.1563969069050423 0.15044730431233355 0.01477043975757721 0.014414698019111497 
0.13763605602674528 0.13910404665885423 0.15727189061822158 0.016410157153588314 0.01599997388921539 
0.14599180234916856 0.14434592043312414 0.1393093560396086 0.013508920004115594 0.014483118429911993 
0.159941546354912 0.13818664359114194 0.15392968865382087 0.014724535847258474 0.014184848284056037 
0.13917550932494688 0.16043541536483646 0.13770523040834703 0.015191395212935723 0.014199593778316191 
0.15695553076683308 0.14787628097499766 0.15387125418827757 0.014466599666574462 0.015643619922077197 
0.14164520114289536 0.1483913500872546 0.16044453058245148 0.01566615661711027 0.015327119649351384 
0.1389823844470441 0.15886836649640643 0.14663687132666992 0.014169580721599958 0.016092876205942474 
0.1636776208212745 0.15548094291872566 0.15448022252865234 0.015306183044232138 0.014153605446516615 
0.15413284712879632 0.15485636604983746 0.1596928654810768 0.015318200976958556 0.014117162826182772 
0.15610521585601822 0.1423464276658958 0.14844772651857693 0.015671794345222825 0.014667582497189505 
0.15408658515952015 0.15457708490446542 0.15341648362562227 0.015056909501693534 0.015251206767511434 
0.15463048341540478 0.14952636440833675 0.14291497495566038 0.01536081105428301 0.016236366436976256 
0.14465785031864345 0.13666272094171925 0.16154033672947607 0.014427583368290085 0.015684752444828063 
0.14113523493554891 0.14787139548563777 0.1574884317985857 0.014067495819768962 0.016035321858596494 
0.1460423485647409 0.1430521892332908 0.1395819255484291 0.014136055622463799 0.01564375782049917 
0.15416975309796785 0.16034381640265324 0.15783705714682106 0.013934178978179989 0.014632826757852355 
0.13775746020837615 0.1537397083289482 0.16221460336509289 0.015649275814250557 0.014304191420319794 
0.14087079411051578 0.16241649067506966 0.15392731402380627 0.014369933743830046 0.013817424944638149 
0.13742054440661086 0.16205982690208656 0.15326773770002772 0.014965291113290494 0.015234296628123428 
