file_name
position_num 5
robot_num 25
position_x
17.13087566177981 -6.132456310599331 13.18845848136801 25.072626303143785 -14.057391240634987 
position_y
18.550734181233658 -27.241460847795768 29.33355111675541 -19.260984835768724 1.7706431335178934 
distance
0.0 25.250676022676117 27.923184086407467 32.16197534720264 31.61680133379736 14.168465887263705 
25.250676022676117 0.0 51.36251298402158 11.48093176921546 38.63673767634044 35.41580788215755 
27.923184086407467 51.36251298402158 0.0 59.78318933602967 32.20939580788612 30.075019053491143 
32.16197534720264 11.48093176921546 59.78318933602967 0.0 50.02661660813463 38.75629269636595 
31.61680133379736 38.63673767634044 32.20939580788612 50.02661660813463 0.0 44.42395353877133 
14.168465887263705 35.41580788215755 30.075019053491143 38.75629269636595 44.42395353877133 0.0 
lay
0 1 2 3 4 
0 1 2 3 4 
0 1 2 3 
4 
0 1 2 3 4 
0 
1 
2 
3 4 
edge


0 4 

0 1 1 2 2 4 2 3 
demand 
0.00977100640440102 0.009016754811583247 0.009139624074234408 0.10622028343852832 0.0911561050645811 0.10010387754077099 0.09127873222654098 0.09338427959213218 0.010420444857655635 0.010584077099169127 0.09471264106534322 0.10184764569474858 0.09779047968341442 0.01097580405715478 0.010744448076778292 0.1098691295173496 0.09480709733679984 0.09694999244727237 0.010131630293899175 0.00916684039476561 0.009198557171310262 0.009354630444336657 0.010360504534666845 0.0924293367456099 0.09049371823934096 
0.10980192665865643 0.09496752318505436 0.09415414393733575 0.010062530245774975 0.010021258955355414 0.009436382623948324 0.010607152511031203 0.010724480090758189 0.09861893830212541 0.10251005085399906 0.1013722370752261 0.0938191983964945 0.09938108170699733 0.009131696908128555 0.010619915262945112 0.09974996023342364 0.09237512113106329 0.10031364149697913 0.009692469435045965 0.009621969041037095 0.009748239000942488 0.009498416957424488 0.010294988517406314 0.09179988672689421 0.10032564455562942 
0.09136758886054719 0.09137587349839844 0.10931551249341705 0.010363475714773212 0.010494503717367454 0.009960324992372371 0.009702406579127732 0.009238171154765556 0.10114435514297955 0.10831992398638667 0.0977977174817683 0.09341484217818127 0.10965137267988573 0.010876441499137007 0.010410744173039435 0.01034531554213638 0.009174288809436205 0.009308896040880187 0.1058841932917707 0.09044603946302586 0.0935222661597605 0.0944382219794197 0.09084727187634835 0.00942435505358221 0.010606585869141988 
0.010774508370829642 0.010443939418413699 0.010892752231847158 0.09325417414540303 0.0925039448586046 0.010847869796247536 0.010197386701455851 0.010420449518404505 0.09216150658861676 0.10888266717243465 0.010450780468968081 0.009148412654655299 0.010932769784382217 0.09874091645094928 0.10523278122693272 0.010415592579297162 0.010733611108787216 0.010468261895239066 0.09562516486016143 0.10877634612422243 0.09443566132559454 0.10177287516108212 0.10802347891081628 0.00919091658639747 0.010528765262590674 
0.10251330293090453 0.10662366014270704 0.10260179253398412 0.009579390968839611 0.009664076949203208 0.010039448686954427 0.009036794416029949 0.010143281832889326 0.09188235082938195 0.10084430089204884 0.010125925940476913 0.009980636601009993 0.010339492643444444 0.10128549683397055 0.09110022071846449 0.010136517298926968 0.009024004985365697 0.010539357363391382 0.09428425242399142 0.10653990155148202 0.09564319299874349 0.09867019647360638 0.1035886974934983 0.010886747293401026 0.009699161049951973 
rate 
0.009595737644042918 0.010965471538036642 0.00915052993913767 0.09746159797342757 0.09960133113493272 0.10439052056431922 0.09323633717277754 0.09026911828413567 0.009765576359097953 0.009926705692298877 0.1042776270864757 0.09681093315163895 0.09641336535649739 0.009586890662546175 0.010470371194507734 0.10958345846021418 0.09959086546156433 0.10117982174502427 0.010018653351187077 0.009447533732089867 0.010264420054568752 0.009387523931982002 0.009730004098566952 0.09445920357926949 0.09119550890135486 
0.09643029559680684 0.0990067755559253 0.09390047600596126 0.010761424677379188 0.010823502443477344 0.010407495273118383 0.009188435282218082 0.00969133555361294 0.10870862397675159 0.09746930386271334 0.10138400565822941 0.10376270483431749 0.10020637871564451 0.009177471994357074 0.009110007080826965 0.0961652885377628 0.1070908695836662 0.1075096555412539 0.010187711524845376 0.009820869773010294 0.009235892359797578 0.00913655984284424 0.009667802067333748 0.1000325048315091 0.09915048008780461 
0.10282843469829846 0.10938203407618419 0.09692775143593732 0.010240368748853803 0.009330782343182987 0.010741944163396402 0.00951118749380554 0.010987173525276806 0.0988378946298991 0.0932201365170884 0.10323512624554161 0.10067699821654935 0.09223861616406229 0.010421908449050278 0.009864157405742258 0.010156470818148675 0.009662462129901463 0.01099672211001786 0.10118261881057096 0.09859823349286628 0.10793794519588283 0.09866575053308643 0.10101138074676067 0.009587611556293247 0.01066553523097411 
0.009035177263528397 0.010587030070437372 0.010781839878066253 0.09943864489037357 0.1056831305181643 0.01026536919457419 0.009434327998973075 0.010307351635070034 0.09183136009002041 0.10364309180600849 0.010720099173129853 0.01067526810528381 0.010856597726811128 0.10594388498566552 0.10630545196899699 0.009246182577624227 0.009676102278294853 0.009334270291529211 0.09183841359749871 0.10496502435418918 0.09290572156390489 0.09456087600719047 0.09288190869494156 0.009477794494275318 0.010833727169307288 
0.10614036943123187 0.10275124664446955 0.10190368290776751 0.010697775509278026 0.009757321329643227 0.010468097293733308 0.009903948325336644 0.009510559472588435 0.10084267451349405 0.09074685929618821 0.010538605550635185 0.009933266749754732 0.009930265454018825 0.10298601314770095 0.09165993126950835 0.010839210205248716 0.009919342738324637 0.009036396952379198 0.09036588924292988 0.09356966095768258 0.09852838670557762 0.0976378934720493 0.09157804154866596 0.009745958458025202 0.009011974256173137 
ability 
0.01457373039279465 0.013814326915106733 0.014562982214575672 0.14545251273217352 0.1568516136834198 
0.01487495835371583 0.015290367669110468 0.01496189849076591 0.14452508886489432 0.1536040638885324 
0.01622879177263318 0.01367886325626665 0.01361186060760028 0.1392437509493801 0.16065383665960378 
0.014044758976837065 0.016134917608849705 0.014454248858637594 0.13707948731682887 0.13804595280535562 
0.013645838080764054 0.015444929693063254 0.014048347424635786 0.15159906855446834 0.1357585607898297 
0.015472830515201964 0.01640730928963985 0.014149148025247789 0.13707163874304018 0.13898644196994772 
0.015311896796790956 0.01571141185371802 0.015938124538880133 0.1375053892775681 0.16145831917783784 
0.015014954765926488 0.015025047069806199 0.014910349863269676 0.14037871587620682 0.14611432164149868 
0.01479555830758521 0.014361218397341637 0.015200871938739398 0.14619778113770296 0.15581231472317916 
0.015139544035855632 0.014647503979756686 0.015319698897087541 0.15675648987335647 0.1502846965685397 
0.016147038200658402 0.015280418977782333 0.014872513501998618 0.15310544731878598 0.1430317473965705 
0.01602073898166777 0.015741942508200876 0.015860775037987385 0.15060265049415475 0.14163573848210234 
0.14894708292093017 0.1418479506485357 0.16084994588804505 0.014202869997957822 0.015320625010509598 
0.14880079606204893 0.13806259075250013 0.15407016881514765 0.01582367834993857 0.014822684075736092 
0.1513288561445699 0.1515836558384372 0.15933503123801804 0.016306318126056263 0.015621253720470551 
0.16244840730521 0.13531103694282057 0.1431319581331715 0.014560646657292139 0.014431337349410999 
0.16184549956369426 0.15234015281639474 0.14593118044378459 0.015589044340012053 0.015703787268311453 
0.15434503279629916 0.15974512701883883 0.15845021529949707 0.01503324322835748 0.014301929759836707 
0.1559891655332203 0.16327372040712937 0.14406016279752656 0.01415316801216503 0.015182752153891926 
0.14434618498088517 0.15911251215181316 0.14936582888481134 0.015976387344915646 0.014578910087540307 
0.1532261848473459 0.1540731435933015 0.1366613242120528 0.0160263201968345 0.015712091036439665 
0.14883732892710583 0.15222101116065714 0.15410613291871542 0.015063158080995913 0.01627315544118905 
0.14058827247943056 0.16195627666539758 0.1583608705524674 0.015180748506206756 0.014655319044309938 
0.13511215738432544 0.14121531792774325 0.15898355389493365 0.016484727494957347 0.014143702906152572 
0.15763114803817616 0.15694928086468107 0.14389885238045105 0.014349378804818264 0.014538098157275543 
