file_name
position_num 5
robot_num 50
position_x
-13.581726041386261 13.500995648410807 -16.64849425512184 2.9150449772083817 -0.9927486817134543 
position_y
-21.762293747712427 -16.297743596573646 9.779877757063858 -19.011620240648554 28.074935118574174 
distance
0.0 25.652694038346013 21.16349049278178 19.308505118365257 19.233803352269813 28.092481767497745 
25.652694038346013 0.0 27.628520092131527 31.690908010240097 16.724522677266673 51.40264323974969 
21.16349049278178 27.628520092131527 0.0 39.86269028686985 10.928287974444412 46.67979478387562 
19.308505118365257 31.690908010240097 39.86269028686985 0.0 34.80922900966354 24.079275182618126 
19.233803352269813 16.724522677266673 10.928287974444412 34.80922900966354 0.0 47.248434332556 
28.092481767497745 51.40264323974969 46.67979478387562 24.079275182618126 47.248434332556 0.0 
lay
0 1 2 
3 4 
0 1 
2 3 4 
0 1 2 3 4 
0 1 
2 3 4 
0 
1 
2 3 
4 
edge
0 4 0 3 2 4 
0 4 0 2 0 3 1 4 

1 2 1 4 0 2 0 3 
0 1 1 2 1 3 2 4 3 4 
demand 
0.10548522884609089 0.09109039040202178 0.10478316140493651 0.009751491932489609 0.010478371710270183 0.10622700654179469 0.0902650537420449 0.1071484578090525 0.009215197230981822 0.00945274613159263 0.010626146163123807 0.009007467008276511 0.010217650244216605 0.10630478943094755 0.10698860156766687 0.10240643563545977 0.10910590831667258 0.10573663476029938 0.010692481158827196 0.009926425065913439 0.010598623685118429 0.009229484925354355 0.01099051124988388 0.09753807568654345 0.0958242308197314 
0.10052726338171246 0.10733267541163585 0.09467925849310509 0.009467602819172189 0.010142982335934355 0.010280768619605283 0.010301895498944686 0.010136905521460427 0.09514446209908906 0.10542993083302035 0.09683530379514144 0.10744444773495801 0.09568649213086812 0.00955577779086647 0.009888867109810871 0.10989346373357066 0.10632040118897552 0.10747455050204693 0.0098196022795967 0.009967907994199044 0.00912107188436448 0.01026598775484763 0.009210175225788713 0.09254161845323886 0.10305802069525126 
0.10317678067460584 0.09101787967593242 0.09731695440780866 0.010687215556718066 0.009682104395300345 0.010771602163746837 0.009165434761269617 0.009746559008393402 0.090053153061204 0.09927279230097436 0.09781049675731016 0.10572482541946374 0.09738209150590862 0.009976044417684413 0.00969636206315155 0.010307597403465159 0.009608467905417393 0.010913248676025502 0.09135544310815444 0.10132268571908827 0.009155873376260403 0.009363732577198589 0.00988509976779326 0.09122579091529572 0.10638298550583701 
0.010754327734016562 0.01015859444574128 0.0108510523748073 0.09108802041519674 0.1015217582578944 0.10249712195588807 0.10588575569811727 0.09856773979239271 0.010276488602227104 0.009289643802272768 0.009444786690390823 0.009575654735387913 0.010300796201169709 0.10185860021993627 0.09085791818595501 0.10001193338444701 0.09093147611321717 0.1098046003233541 0.010332128171709228 0.009616553252984193 0.010010255539712399 0.010298104151130017 0.010910727289365145 0.09407466139062703 0.10160855272334297 
0.10707184028646438 0.10995414659406831 0.09990484265397036 0.00954730857828442 0.010800431944868977 0.010866040303354188 0.009921008307393592 0.010322205106315185 0.09306539923799895 0.10956003523758982 0.00960196926019885 0.010982602454743843 0.010100629486459052 0.1095092127147805 0.1043709320794727 0.10467585224418796 0.10835189395257822 0.10081181404589762 0.009530375799928135 0.009777943590636676 0.010063708088178315 0.0098749256103964 0.010653966505408053 0.1066742670663947 0.10022113103790464 
rate 
0.10637477615532086 0.10256752118965098 0.0963765646096027 0.010644937766228728 0.009810832257692245 0.10708633555761389 0.09403891510602477 0.09566602972418242 0.009617583956426734 0.010298989210639516 0.0090772598864276 0.009915105076251242 0.010214625576970329 0.09455572643271373 0.09912318542447428 0.1034185560229463 0.09656072518249954 0.10104854032767902 0.009251684886230375 0.010254194608734642 0.010172233128368647 0.009488048867325658 0.010340851398068493 0.10753115039502015 0.09515208315184698 
0.10391874491626413 0.10569041297434667 0.10136910625289704 0.010431865793798492 0.00991001763486779 0.009742761068133616 0.00938900305153592 0.009722311147746418 0.10643565782419609 0.10944670331729343 0.10405768236667123 0.10302530463657343 0.10934591120808666 0.010401169719809181 0.010648133486671775 0.1081819071273982 0.10538485074632375 0.09097637455931812 0.0093344954127224 0.00987282126280552 0.010607352670833712 0.009162587611431816 0.009934556071640139 0.09915633887663572 0.10472128730458113 
0.09866195509812747 0.09365109377089825 0.10104314136681272 0.009765964176399373 0.009587543304631092 0.009813289615574768 0.010884458334538395 0.009212255937426155 0.10047857553893787 0.09752602129158844 0.09558358846152673 0.10758917137276405 0.09826912068542214 0.010156060279044001 0.009987936198717752 0.010144753293384693 0.010901386631193881 0.010042645189852548 0.09950043840014107 0.10581231943596979 0.010480574114501777 0.010909018111420017 0.009419717784405444 0.098586288629654 0.10177628446215395 
0.010656833528731334 0.009556354155780038 0.009280687402131508 0.09922855646203435 0.09831321647971109 0.10616259557351256 0.10992784397005007 0.10937626762622266 0.009229290515412164 0.009389772966876857 0.009075982922412457 0.010034197632585206 0.010210685848970514 0.09578250545752347 0.1005712167194879 0.10431223929888832 0.10490024903868074 0.10861770162318418 0.00936013584281154 0.0098690761266006 0.010453783702562437 0.010277943387352191 0.010327242465245932 0.09552177409701296 0.09047060663658102 
0.09095991630653878 0.09267300668966658 0.09168042094520917 0.009888503893819314 0.010784295209991817 0.010526348114094532 0.010902949392611399 0.010067844903416763 0.09173250761934694 0.10444013161393323 0.010106670617099052 0.009595938230543135 0.01041856424707123 0.10491613611447613 0.09424319648981612 0.09353182653399196 0.10047167255403795 0.09437466157859052 0.009134774682754096 0.009376009751809232 0.009419089843399633 0.010412384037418974 0.010235110693236378 0.10985626729567555 0.1048768139322853 
ability 
0.014623990003270644 0.0144294964799855 0.01497654899778566 0.1396427110472037 0.13597983641194689 
0.015476642902102902 0.014546654293022505 0.01415385511470339 0.1355511350306794 0.1374578289260224 
0.014744215594976594 0.014175359236362853 0.014275041541127232 0.1509084252478891 0.16307333219198655 
0.01359075560484806 0.01621513313953938 0.015473625224620664 0.1462660846358546 0.13916908278118487 
0.014841398527828821 0.014081827903656051 0.016294443109887743 0.15127297588008987 0.16376123464458942 
0.015333160590986404 0.013970227525483093 0.013601463199888248 0.13930596378925814 0.151660205262303 
0.014872842463526324 0.015950026688753966 0.016097713138917648 0.13921107719193898 0.13992690395690488 
0.015687379520268444 0.014021824322271533 0.014358462735801006 0.14340237016891988 0.15842524264753446 
0.014525098517212023 0.014897636949616894 0.015085431471650578 0.16075933883085533 0.16486131404485188 
0.01582334890934449 0.014920456601228876 0.015775975751454712 0.15836723100000885 0.1369120912592599 
0.015373306164947902 0.016369487728537694 0.014132023666095766 0.13508537350814115 0.13834550347975172 
0.014338112549676003 0.013834080051365905 0.015412272691968397 0.13657214558795672 0.13518512163395013 
0.016451522578425228 0.014944154938093502 0.014411912885007287 0.15574540755582045 0.1352889307730199 
0.013673992369500239 0.015828369352718863 0.014068552996707017 0.14566182999587826 0.1398710286205918 
0.014196782217780883 0.01452839714086997 0.014206747464370029 0.1434256864082515 0.16413075920600154 
0.014290369099760818 0.014419348919076685 0.016400118040435556 0.14194937383026277 0.14872589818495408 
0.016279526427782715 0.015433912697794656 0.014588915369041484 0.1642117493413078 0.15258633623478093 
0.015019071267798787 0.01381701366469466 0.014783689124166444 0.15996775069545036 0.14439095262639526 
0.01552307654971218 0.015482792225114846 0.015540363152892681 0.1413514619198145 0.1556084318409728 
0.014776816110769517 0.014469108332747435 0.014245113408261994 0.15728550217520518 0.15073005053356373 
0.015052440218322196 0.0146654223458374 0.013922595628633216 0.15448880147803998 0.1451278642653705 
0.013866753694103923 0.014667438379336869 0.014580182999481864 0.15913950055918566 0.15192958799209766 
0.01551295258014899 0.01531909925389426 0.015386585480568545 0.15190879106017727 0.15101561797141005 
0.015903316398423975 0.016433825123377876 0.01611755196214013 0.16044572357073936 0.1519850492413265 
0.013622724861608123 0.016442924827077758 0.015505075364589858 0.1568106111366911 0.1452295156376318 
0.1593920487596055 0.1614929718869808 0.15145638634677092 0.015887404391698803 0.013622174868940302 
0.16000824807642003 0.15889565685708956 0.14584905534562634 0.014760034188741998 0.01381707967194129 
0.14718672403627556 0.14484855344431619 0.1438554085713628 0.014729712761622587 0.014425885544972148 
0.16297797985128396 0.14669133160978845 0.15408553983569406 0.015446167468490835 0.01498132534855214 
0.15968974596294858 0.13691226220170385 0.1398169653388774 0.013535176399665 0.01407652118373591 
0.1380817895388991 0.16385290864843713 0.13964225291193233 0.016113657540088252 0.014662022861137812 
0.16375574338154156 0.13523982814803492 0.15763259088127302 0.015382380063205591 0.014928554524826047 
0.1456456401683698 0.14236428695263767 0.13535505736009812 0.015485864617520693 0.014218554751643688 
0.16245889149282125 0.16007532685824488 0.1596559407613749 0.015669012288588857 0.014497015080803343 
0.14818617649081792 0.15370706606294873 0.13676377016139138 0.015923141066494312 0.01426960429708721 
0.14552855711539361 0.14538828993150657 0.1453525106924511 0.01480986586697891 0.013827927823137718 
0.14038298426365017 0.14009910921586552 0.13774803286157367 0.016337819237645608 0.01404532309288442 
0.15252430366069036 0.14712984349595948 0.1565671740665802 0.015802906955544524 0.0157900895813451 
0.15217562589538308 0.1535231647729794 0.16218717571517002 0.014180722298949212 0.014166535961653149 
0.1542837586175712 0.16397752829623216 0.16333281094351615 0.015965991168444278 0.016468781386765077 
0.1547943605527747 0.14564434899829512 0.1434020168036632 0.016447405275715306 0.015862885862780614 
0.15387565417488763 0.15324526120289636 0.15217203290132397 0.014435406005999303 0.014870130644243893 
0.14899858187938217 0.15393413996903216 0.13516689168062807 0.015553177952672236 0.0150182750477126 
0.15832839142595398 0.14885231731373721 0.15264553372671982 0.014745808868827552 0.01468077371622779 
0.14039349323034156 0.15684701363177375 0.14408806347627218 0.016396443188171333 0.013989117419305397 
0.1413709731742005 0.1551890538469348 0.16249528115720047 0.014112259620388966 0.014284000787379585 
0.1375300667615485 0.15073023163234958 0.15826230807990382 0.014626178253242894 0.01500781039010638 
0.15307425866687915 0.14571128756521723 0.1635374008034473 0.01467706618000681 0.013922619259590987 
0.16095271363545174 0.14592638315131867 0.162399591601594 0.015407125398466422 0.016483140107137677 
0.16040610707737515 0.1377994575055001 0.15168049408912165 0.015103435237227717 0.014266744599630047 
