file_name
position_num 20
robot_num 50
position_x
-4.881579114064785 10.549924607751876 -22.21924871934527 -7.49581914382906 26.550348466353263 -24.22672995862804 17.026514850306143 20.67253943132443 -10.103504149275146 -1.5986318795897638 21.160509096740675 -5.935766452822243 -5.606854876816165 14.562469245473224 -5.628875847881414 -14.568006539772345 7.115322703325177 -2.0316231253375534 22.17204585659229 2.230936551305007 
position_y
16.848280449425737 -13.443399866387352 -18.22751939623647 28.050426976069666 22.757113748421382 4.8203808942529065 23.881931091081405 -19.436739431273523 -25.835303586902096 -1.5601224984923832 11.775232361718182 25.213400168137937 -17.972600981150435 -3.0713202825487045 29.909038240202555 12.584212633269146 9.831106949903841 -21.8720633801207 -27.240114360655244 9.065579495414731 
distance
0.0 17.541219135207648 17.088765584349037 28.739127978981948 29.03469920933935 34.96866068129256 24.70162983395962 29.32999898716085 28.375001784297503 27.740650812874172 2.233742620971095 24.216177287212364 25.902680776728655 18.826874611504874 14.882826304279323 30.434106061535 19.25069406910256 12.135834583286899 21.966216083509313 35.12297606764563 9.336048922517099 
17.541219135207648 0.0 33.99584097315228 39.12680056118598 11.503144689067533 31.98250119011902 22.779491410218828 23.009494181762648 44.38035198569909 43.00182376666851 18.698851345397333 26.53160709944963 8.431283345587683 34.8284339087229 27.83633434792249 13.082119341976298 10.583437561316362 13.89843074373819 38.82508564595804 51.72702563440639 10.543164289229988 
17.088765584349037 33.99584097315228 0.0 33.116559607199825 45.24805557788676 39.57891799469578 39.2808018057428 37.883064187767665 11.763819533061563 24.08575091708992 16.99410797095439 27.35989610094331 42.025304266048664 16.779606254347268 11.12117571856451 46.27296698904133 36.17108068006875 23.526562812775623 15.14390015774495 18.039485390639324 23.997077201053838 
28.739127978981948 39.12680056118598 33.116559607199825 0.0 48.563645856784966 63.7041110420472 23.135161307551165 57.562451116234215 42.908830138504875 14.306279976951574 26.51437267217419 52.744369379410735 46.39251326801144 16.61434959839382 39.781970137452994 50.91530863208452 31.747509155027235 40.59314711849862 20.51396909362745 45.29695245952348 36.64320956027973 
29.03469920933935 11.503144689067533 45.24805557788676 48.563645856784966 0.0 34.45519835767347 28.627930726059954 24.8741074706829 55.2131089345377 53.94879034225714 30.19207607659654 32.955532281641126 3.237666676426235 46.06177686925587 38.146182497006805 2.634371481292173 17.006458204481834 23.35442331322931 50.22063800363769 62.74732006222507 21.33153089247354 
34.96866068129256 31.98250119011902 39.57891799469578 63.7041110420472 34.45519835767347 0.0 53.852001623509864 9.59002715327219 42.60128971289386 60.86647627437007 37.19802512505877 12.233236988705976 32.57884291250322 51.894078552434536 28.47485298832254 32.964412650644505 42.35808111220857 23.340991370652773 52.99709946062147 50.18856794463937 27.908634973696678 
24.70162983395962 22.779491410218828 39.2808018057428 23.135161307551165 28.627930726059954 53.852001623509864 0.0 45.444173478808786 51.03285489014494 33.75257765371557 23.510458230740845 45.917005869325706 27.39406105483022 29.431611760736857 39.5838467352452 31.230128160913598 12.392256507743351 31.740063652573664 34.71468491404925 56.39788784290652 26.79607859956638 
29.32999898716085 23.009494181762648 37.883064187767665 57.562451116234215 24.8741074706829 9.59002715327219 45.444173478808786 0.0 43.471838137692444 56.637808528785136 31.530844923105004 12.79304743026926 23.000851561347837 47.58225804005207 27.065647606380857 23.443394555279543 33.553721466032925 17.194690716051724 49.564509814679546 51.38034663668668 20.938801584815874 
28.375001784297503 44.38035198569909 11.763819533061563 42.908830138504875 55.2131089345377 42.60128971289386 51.03285489014494 43.471838137692444 0.0 31.4341610629051 28.558335114664597 31.21578603208441 51.977272997640476 26.32014944113846 17.46882656589952 55.91753052211792 47.61551691897007 32.255308977006244 22.834399491450625 7.94614244825266 33.948120728296466 
27.740650812874172 43.00182376666851 24.08575091708992 14.306279976951574 53.94879034225714 60.86647627437007 33.75257765371557 56.637808528785136 31.4341610629051 0.0 25.721921957714358 48.90798440530453 51.21855320658983 9.057700974640301 33.564999320591596 55.92364387423912 38.678042972554294 39.605313264255486 8.992359879433899 32.3061081142762 37.016348649234395 
2.233742620971095 18.698851345397333 16.99410797095439 26.51437267217419 30.19207607659654 37.19802512505877 23.510458230740845 31.530844923105004 28.558335114664597 25.721921957714358 0.0 26.378214253967702 27.122541405386336 16.894830615877986 16.231602148803702 31.72618703912858 19.19028127453502 14.342005188226423 20.316555411724153 34.99295789266995 11.294739360880687 
24.216177287212364 26.53160709944963 27.35989610094331 52.744369379410735 32.955532281641126 12.233236988705976 45.917005869325706 12.79304743026926 31.21578603208441 48.90798440530453 26.378214253967702 0.0 30.2455369046631 40.017813067282354 16.24666905239045 32.349745924036235 35.737673100921306 14.179100269151288 40.86582322363185 39.028457393081084 19.12252429489314 
25.902680776728655 8.431283345587683 42.025304266048664 46.39251326801144 3.237666676426235 32.57884291250322 27.39406105483022 23.000851561347837 51.977272997640476 51.21855320658983 27.122541405386336 30.2455369046631 0.0 43.18725365303016 34.93140532123444 4.7056560379211385 15.297449026214585 20.17289946471353 47.24704448614682 59.509833634816964 18.095500834076077 
18.826874611504874 34.8284339087229 16.779606254347268 16.61434959839382 46.06177686925587 51.894078552434536 29.431611760736857 47.58225804005207 26.32014944113846 9.057700974640301 16.894830615877986 40.017813067282354 43.18725365303016 0.0 25.076877836135925 47.881644285122206 31.84369792271118 30.576134109727175 5.290377026050577 29.28402517066022 28.151273114266775 
14.882826304279323 27.83633434792249 11.12117571856451 39.781970137452994 38.146182497006805 28.47485298832254 39.5838467352452 27.065647606380857 17.46882656589952 33.564999320591596 16.231602148803702 16.24666905239045 34.93140532123444 25.076877836135925 0.0 38.670330551575944 33.07083806547749 14.897403133061838 25.076519747203786 25.338434509464236 17.302341887954604 
30.434106061535 13.082119341976298 46.27296698904133 50.91530863208452 2.634371481292173 32.964412650644505 31.230128160913598 23.443394555279543 55.91753052211792 55.92364387423912 31.72618703912858 32.349745924036235 4.7056560379211385 47.881644285122206 38.670330551575944 0.0 19.49506706419247 23.78104122216965 51.90590247904465 63.55247352081908 22.27614022662087 
19.25069406910256 10.583437561316362 36.17108068006875 31.747509155027235 17.006458204481834 42.35808111220857 12.392256507743351 33.553721466032925 47.61551691897007 38.678042972554294 19.19028127453502 35.737673100921306 15.297449026214585 31.84369792271118 33.07083806547749 19.49506706419247 0.0 21.857409681120647 36.66600422495776 54.18310133802451 17.163486479618957 
12.135834583286899 13.89843074373819 23.526562812775623 40.59314711849862 23.35442331322931 23.340991370652773 31.740063652573664 17.194690716051724 32.255308977006244 39.605313264255486 14.342005188226423 14.179100269151288 20.17289946471353 30.576134109727175 14.897403133061838 23.78104122216965 21.857409681120647 0.0 32.99632747696384 40.01225264304148 4.94401257741351 
21.966216083509313 38.82508564595804 15.14390015774495 20.51396909362745 50.22063800363769 52.99709946062147 34.71468491404925 49.564509814679546 22.834399491450625 8.992359879433899 20.316555411724153 40.86582322363185 47.24704448614682 5.290377026050577 25.076519747203786 51.90590247904465 36.66600422495776 32.99632747696384 0.0 24.791804361854155 31.22990812812467 
35.12297606764563 51.72702563440639 18.039485390639324 45.29695245952348 62.74732006222507 50.18856794463937 56.39788784290652 51.38034663668668 7.94614244825266 32.3061081142762 34.99295789266995 39.028457393081084 59.509833634816964 29.28402517066022 25.338434509464236 63.55247352081908 54.18310133802451 40.01225264304148 24.791804361854155 0.0 41.42162776492605 
9.336048922517099 10.543164289229988 23.997077201053838 36.64320956027973 21.33153089247354 27.908634973696678 26.79607859956638 20.938801584815874 33.948120728296466 37.016348649234395 11.294739360880687 19.12252429489314 18.095500834076077 28.151273114266775 17.302341887954604 22.27614022662087 17.163486479618957 4.94401257741351 31.22990812812467 41.42162776492605 0.0 
lay
0 1 2 3 4 
0 1 2 
3 4 
0 1 2 
3 4 
0 1 2 3 4 
0 1 
2 3 
4 
0 1 2 3 
4 
0 1 2 
3 4 
0 1 2 3 
4 
0 1 2 3 4 
0 1 2 3 
4 
0 1 2 3 
4 
0 1 2 3 4 
0 
1 2 3 
4 
0 1 
2 
3 
4 
0 1 2 3 4 
0 
1 2 
3 
4 
0 1 2 
3 4 
0 1 
2 3 4 
0 1 2 3 4 
0 1 
2 3 4 
edge

2 3 1 4 
2 4 0 3 1 4 

0 2 2 4 3 4 
1 4 3 4 
2 4 1 3 1 4 
2 4 1 4 

2 4 3 4 
1 4 

0 2 0 1 0 3 2 4 3 4 
0 2 2 3 3 4 1 2 

0 2 0 1 1 3 3 4 
2 4 1 3 0 4 
1 2 0 3 0 4 

0 2 0 3 0 4 1 2 
demand 
0.10680786538738148 0.10087231336938492 0.09003106299573067 0.01021951633844165 0.01003751122280206 0.009430708399103606 0.009780342690308646 0.010397997478979095 0.10861269913018357 0.09077914587037922 0.0987076333465921 0.10146278379498448 0.10561892954643318 0.010600696317300793 0.010502511927344945 0.009435927340271036 0.009725143170700765 0.00970125132235594 0.09128847118256139 0.09137316445403275 0.10104831593283513 0.09061396791493113 0.10358825392559189 0.009584514264361845 0.009996251749605486 
0.09788657147535691 0.09184996449092131 0.09186229918981413 0.009001432104730008 0.009348919166562176 0.010139554774715254 0.009027423582031922 0.009976138701275387 0.10920072281712817 0.101407290644729 0.010917321265457795 0.010400982230895433 0.010210556479208379 0.10792582632397714 0.09353491660586379 0.10750237817976034 0.10085509869698919 0.10920170103825838 0.010817558538899213 0.009267383515999972 0.009089670333128692 0.01054830214973952 0.009862745675221172 0.10424619937084141 0.09219449787883577 
0.00907760793975099 0.010629120714272555 0.009501664749000322 0.09465668163974716 0.10927714069181962 0.09075107298475232 0.1066531352390615 0.09227496356173878 0.010041143051180864 0.009582049961768301 0.009894581049788128 0.010612586485366874 0.009558295562130472 0.09680936664885631 0.10525186906758693 0.09723179935314519 0.0940024992003171 0.10031066352339235 0.01001123982158129 0.010866483069849426 0.10969541724151255 0.10620877349658858 0.1081846022708508 0.010880086122862507 0.010593127242472529 
0.009310791696059533 0.010480504219031146 0.010554079794066097 0.0979105488939917 0.10440327064737703 0.09606212547275306 0.09760392576737434 0.1073492410540101 0.009719627937587167 0.009321196433506776 0.010652407598722324 0.009556740286210287 0.009116413699564944 0.10983911243375162 0.09029493043665744 0.09147684546014605 0.09407136186300571 0.10856576948883304 0.009946579522565363 0.00902351734340022 0.009133512904907335 0.010325932093813567 0.010718970943197568 0.10684838346137766 0.09863599898777864 
0.009649641602279711 0.010688763418973811 0.009973039171292808 0.10416316267915147 0.09716125950144767 0.009025520255126604 0.010699920418536327 0.010123886223286735 0.10310811073811897 0.10453458866387987 0.10598046472426491 0.1025433161348911 0.09705573387023006 0.010114466902272126 0.010961191259123782 0.10681483537930946 0.09312865317395239 0.10596888214645064 0.009901386474113632 0.010602904417101185 0.009981332149266614 0.0099414243544575 0.010941813982454425 0.09621594774918879 0.09292994222229367 
0.09977234510498086 0.09371187104616403 0.10126168677917811 0.00933208735930322 0.009200927341034074 0.09432314092325539 0.10758475585069949 0.10376526573654853 0.009355005973910702 0.009183220101586693 0.01078183987948916 0.009805722864413466 0.009863114051854726 0.10780915904316024 0.09142499092395662 0.009790185229439438 0.009741971065379754 0.009792508944459292 0.09493890847793189 0.09041630049302106 0.09904342803700787 0.09383053137503505 0.09650482315634668 0.0098141593707003 0.010535053310690113 
0.10257185818745998 0.09663713925204212 0.10862437869804178 0.01056059890763307 0.009456280125916615 0.009257502298226715 0.009528931830565177 0.010055577767223467 0.09968618550217972 0.09028426829712231 0.10811278210143778 0.1046370989308699 0.0960835380168859 0.010343110909391951 0.009382704232568545 0.009860989536256614 0.009530787705773877 0.010899962310453117 0.10101723281045445 0.1046833174662421 0.00995491242298512 0.009523738422855994 0.010299945832354865 0.09483469823395856 0.0939517643961249 
0.010354501715689076 0.009481567237990825 0.009291201609187174 0.09165180594569869 0.09570376091359806 0.009004173417002034 0.009461128513241508 0.010250446526190329 0.10890688453204969 0.09771470823562552 0.10092973730231969 0.1077211744359758 0.1072983322879082 0.009511339092627516 0.009325464208826488 0.10703768249988022 0.09501191986545811 0.09624025238211398 0.010998777423630259 0.010341593040005068 0.10196510244543261 0.10755244749770242 0.09931992556182262 0.009137355970205136 0.010354137344497085 
0.10210034914276245 0.10060498046137126 0.09490026808723945 0.009644489987182885 0.00990137133146837 0.09530508610454604 0.10611815920392074 0.10672164188494843 0.01021850253188434 0.010133417497368059 0.10357884515609764 0.1076506710271815 0.09217211686961196 0.009974772075292829 0.009603504304481335 0.010409473638448184 0.01028211222524531 0.009524169623047253 0.09031153587142433 0.09059161203026073 0.09268511409734304 0.10353743954759094 0.10441932313575185 0.009018182024985406 0.009378674801872117 
0.09637454814782831 0.09407861314634205 0.09542244439468266 0.010993219169767632 0.009422856335801439 0.10026209592721191 0.10548775386628287 0.10149796985450961 0.01074023526558904 0.010317626662814492 0.09743089210295569 0.10293992644175075 0.10299302250349195 0.00986031537934939 0.009067504311273815 0.009283825355955865 0.010055386811559515 0.010063564805175363 0.1040230096134053 0.0972129355553228 0.010176656917715255 0.010579131958001798 0.01067748441929824 0.10975179278205092 0.10638975340077815 
0.1026271147056256 0.1002870228865632 0.10341421928541006 0.009945557338412115 0.009143372556844337 0.009393034484705054 0.009766310462711933 0.009128202478678776 0.1018887418575572 0.09829708148339966 0.10984881816328865 0.10208392100127205 0.09628767914168655 0.01026418244586512 0.009269896349594867 0.010968370858597578 0.009940201071049528 0.010002361784674675 0.10458683206515673 0.09673941855161113 0.010180682970482998 0.010568307840119598 0.009137467505968527 0.10016042274657987 0.10892610263076058 
0.009165110270058128 0.010264329972786809 0.010352324781706087 0.10806887367612339 0.09874313773183203 0.09526756657193662 0.09368988483617183 0.10359712533684667 0.009837830886953882 0.01011446358234423 0.009058463370329358 0.010158087179354491 0.009995935671139747 0.10788808599593568 0.09366502532874266 0.010421331546307696 0.00987426629765097 0.010877908294563891 0.09263952869572839 0.09964520224994933 0.009143097089024775 0.010436716807592927 0.010526026647320271 0.09221854002487757 0.10362691314837942 
0.1095797349761102 0.0933755331669693 0.10957056057745139 0.010986534286703915 0.009906290766184479 0.1069537655595445 0.09121333372305906 0.09155744174141747 0.010037016588516953 0.009617562100576465 0.009813179832852285 0.010439650162090456 0.009692695551992455 0.1074490370004345 0.1022051220500643 0.10152932967435771 0.10983682622788085 0.09264171011625988 0.009265688249934937 0.010513830031038568 0.10084924261182045 0.09930163228291328 0.09674458715080182 0.00921674642555032 0.010198234122903637 
0.009432042611737333 0.010415054850828465 0.009637290747967868 0.09651390953976241 0.10640776912998991 0.009825132526678786 0.010293809490966708 0.010121955017779983 0.09443887309435166 0.10581590599664943 0.09940853522393167 0.09982412794186937 0.10878936515509381 0.009078875668384535 0.009975140916494124 0.10851572788529024 0.09054755324827068 0.09184232928580575 0.009925835767201444 0.010711810785810608 0.009526680934556907 0.010289918340016252 0.009165480654016046 0.09064553972657445 0.09997813013231183 
0.10143213895526673 0.10791343086389818 0.09875852031631455 0.010690092185785725 0.010627453178069327 0.01027766201343991 0.009211164233451138 0.009159900976590448 0.10469190648065758 0.10587390521765297 0.10594720612146641 0.10892208631688792 0.0977591157736845 0.00906152245301563 0.010961298914024168 0.010166987055549309 0.009962160643351748 0.010660788410219158 0.09831557965885795 0.10992452663559385 0.01033489843551875 0.009379867464616241 0.01023543327958389 0.10322818383734814 0.09221033069947206 
0.010449392732660368 0.009729837541810074 0.009615151010277078 0.09472790245032132 0.09893139949784209 0.09235990370316072 0.09422353455298531 0.10976718684444607 0.009652573664205483 0.010907276693459702 0.010109237640771708 0.01041195460642544 0.009847154802677689 0.09172391036754343 0.10733062055142711 0.009347700233694196 0.009098847908904749 0.01057950434040886 0.10257460355793697 0.09632058031954488 0.009463234054907569 0.009755576853358094 0.01063493766455013 0.0931004827821215 0.10946418187470877 
0.10511576790863977 0.09407377355606128 0.09453929573803531 0.010117178923377632 0.009268701744107611 0.010931124039428634 0.009166509192242319 0.009295713697830261 0.09971824339821937 0.09222963656114078 0.0940106745074411 0.09763268374012611 0.09819702867289179 0.009387179323101359 0.009429666694907985 0.010124586769102939 0.009757754490327737 0.01004678571192714 0.10451241956304957 0.10547174709347162 0.09971151127356008 0.0938109517244579 0.10989195620480277 0.010478167857034114 0.009751661896127065 
0.010423454889573107 0.010884517397099468 0.009473338792858341 0.09508924958514536 0.09240678918547382 0.10154926504183026 0.10857429408551422 0.09522540373142668 0.010605968223806756 0.010732373318814544 0.09117185570491705 0.1053804766642908 0.09651898116481741 0.010632067016105222 0.010508351025790874 0.0992748787129081 0.10821713460907348 0.10140099501925984 0.009164248942159845 0.010743527010671088 0.10564040730706091 0.09639582916162243 0.09870458555624988 0.010199229733712985 0.010521002418755159 
0.009611153875964494 0.010945407060025092 0.009774138943760535 0.10983138934194202 0.10157107517469986 0.00944223825957616 0.01063332551892818 0.009581566854863268 0.10211368875952023 0.10870828648657774 0.010302177121037951 0.010630824372837975 0.009892317994747222 0.10539299901102261 0.09989396857138694 0.10920089385253631 0.09660884456547514 0.10000629311602827 0.009259707275603567 0.010382305668664476 0.10212444581072254 0.10721226564137204 0.09485615858057582 0.009019941144549792 0.009554483028846546 
0.010182631246493814 0.009513774834355476 0.01042287784144731 0.09867129887612945 0.10265483527687198 0.09643318436483393 0.10550004626868931 0.09077268294507666 0.00993405234254515 0.010842743865103399 0.009623417046177099 0.009207561937283528 0.010222959469245271 0.09127507383383725 0.09414970068288674 0.009664913403977403 0.010741438916117176 0.010079067783014354 0.10337600310160194 0.09244385955796124 0.09589646084729953 0.09829551739511128 0.09698076893406506 0.009556941548754925 0.009383645445504067 
rate 
0.09852153476005787 0.1070120558449069 0.09288491117899937 0.009947860395844112 0.010764055196267696 0.010402382060526827 0.009103685938107007 0.009606055977510153 0.09711520829699666 0.10741445647644184 0.10566237649435109 0.09549553967601598 0.09404516507389742 0.00959793018866464 0.0108531398065116 0.010283348857692777 0.009400544271796244 0.010011059846922767 0.10082100585835917 0.10966215351843328 0.09044917444708947 0.0934541408741028 0.09855979695343546 0.01067752064734127 0.010553717535976195 
0.09474855189508533 0.10719226647551541 0.10452196181473711 0.009383018008971592 0.010688691428497234 0.009361506818478227 0.010208800182792598 0.010942585991384098 0.09426423370535429 0.104907896884259 0.010054811976344051 0.00957818179658501 0.01092803199577729 0.09690132729495299 0.10797580965844507 0.10102466782706232 0.09504160078998139 0.10783862379876044 0.009424379693922038 0.009807443490509972 0.010173809007663166 0.010585284002806115 0.00913825730035564 0.09123068289781021 0.10329507982602837 
0.010674583472480932 0.009846502558312544 0.010314185040079407 0.09378360604476117 0.10010023595087364 0.09877373840276936 0.09735121665965829 0.09403518016099242 0.01008327330442775 0.00931556887223647 0.009365257371871091 0.010905339760213833 0.009350909921903463 0.09679084467273308 0.09029446671304012 0.0965076915005267 0.1086188532978249 0.10906908257302744 0.01036821470911146 0.010724908633522528 0.10864209485748129 0.09128353951129492 0.10839229354830021 0.009712951275454698 0.009050537016753114 
0.009850213483939827 0.010761959559724586 0.00977286090727572 0.09629485542452502 0.10599632502809622 0.1058827794857054 0.09704310874253182 0.0959495143900428 0.009265200951670226 0.009486018628860103 0.01065011802001738 0.010356782054127586 0.010647896387134622 0.09864830988066178 0.10457589028448958 0.09295589147879736 0.10307769243011083 0.10930453978986243 0.009394761550803862 0.009217046156084293 0.010303950195799163 0.00992801209315327 0.009895956458821707 0.10346337856403508 0.10165839089929599 
0.009226137648826736 0.009770316431237314 0.010341544505166105 0.09598123287079306 0.10944281944546959 0.009732373104645264 0.010609632301100045 0.009715635634972762 0.10341373040291833 0.1029670169942947 0.09329340800101005 0.10676533499615698 0.10286163723096185 0.009415134710528577 0.009225393923380313 0.10084838382545885 0.09549630973549578 0.0979280836371518 0.009021639687452484 0.01047967037006314 0.010345294195584056 0.009577297610393139 0.00995513080953809 0.10287922881908491 0.09077372232988498 
0.10436100494655808 0.10115494305524463 0.10236956983969724 0.010409878258905032 0.009014650950242098 0.10907211343480286 0.1001496016588565 0.10385724257101299 0.009091744640048747 0.010469760829954348 0.01019568941273491 0.009067161651642933 0.009234079892500129 0.09663572198424204 0.10835921452567235 0.010469047710409348 0.009376367589980597 0.009966296770588778 0.10299027480930877 0.1057218536718922 0.10049381458987675 0.0960078181834019 0.10153744472183042 0.00975274569570036 0.009892180977742188 
0.10172362206575508 0.09305040668737984 0.09855020031263939 0.010645060718705945 0.009429292340574198 0.009570885907490636 0.01067055456378057 0.010476253204690896 0.09153302187398792 0.10596272188459599 0.09377677604426396 0.1009915862817892 0.09190530671548641 0.009314953824303149 0.009073244529933673 0.010835830638719441 0.009437172168453849 0.009329738705441829 0.09516573230427756 0.10590429590051785 0.009870532298046688 0.009446896683591584 0.010962063544671708 0.1085166991311926 0.10779844756612611 
0.00992629720042555 0.009042118203859589 0.01063522905079441 0.09900732344904534 0.09882825416792963 0.01021501013507985 0.010708494145521925 0.010605078350006273 0.09508778995560692 0.09627390888566556 0.09940127231006943 0.09425422493939122 0.10531767662893698 0.010608632316045459 0.009451109652831358 0.10511244265670315 0.10343616143959507 0.09974346310389082 0.01000541605735891 0.010433107814628225 0.10158893775440558 0.10778396730109324 0.0977526852048412 0.010375044161876845 0.010650226773768699 
0.0945081267163348 0.1058016578689278 0.10611568422501322 0.010768144256637803 0.010835363277749137 0.09525688575522662 0.09983047077001338 0.10030227085839749 0.00988702125365393 0.010864880912288384 0.09745479540194331 0.10039201980133383 0.10029086672059791 0.010969732808075162 0.009536616645110591 0.00934849252607318 0.009285813128945553 0.010619309750616986 0.09042944208850516 0.09374964580474848 0.0963984760772711 0.10046651615789169 0.10402033616044637 0.010990152569666926 0.009546218669107041 
0.10927187944432933 0.0955575435905551 0.10365461486051963 0.01049172305761144 0.010175932554196711 0.1061722218220264 0.09352685872556604 0.10654891452500953 0.010259168468866396 0.010079799559980389 0.10170158898654001 0.10289622884212231 0.09161463069431325 0.010489985606394208 0.010933407373482954 0.00910475697788885 0.010594154484802332 0.009849801317105914 0.10716376666627346 0.10371797254720626 0.009804857536580761 0.010100782732138238 0.009664700237643363 0.10865463368512099 0.10135718624828943 
0.09164653034343043 0.09627189304082878 0.10847710294577634 0.009665623100793826 0.009680685381762323 0.00966754618442779 0.010701145256289105 0.009090601151257134 0.09649379422678962 0.10381176697254853 0.09332342211326351 0.10438093743740136 0.09546058331458206 0.010990631105611217 0.010424783659458129 0.009381835667929762 0.010031656866482217 0.009553340240974916 0.09736550718707576 0.0993808199030296 0.010132491426143529 0.010403478310980636 0.00975694919476125 0.10512908850564247 0.10433959899838673 
0.010390212910266393 0.010237891847128897 0.010494958196091905 0.09916355556901091 0.10492239216365257 0.10423744863914267 0.10896995299485766 0.10698106526637322 0.00957444894303507 0.010712075349705944 0.010944292137583274 0.010834844320870389 0.01008673099684299 0.09940020070575446 0.0930125040958132 0.010193025394368116 0.009850347643642801 0.010387667164607746 0.09010336374447998 0.09694896932636614 0.010979031501743014 0.01039655822259898 0.009546359928170803 0.09039645561078258 0.0909421366065371 
0.1045399109287174 0.10142266053888811 0.10403391660272919 0.009869877316397092 0.009706149750934865 0.1088909915335862 0.10779430149650163 0.10057581137323324 0.010965369076591567 0.009521837589554216 0.010316696179512877 0.010142675857680486 0.010544672723672585 0.0907076757239177 0.10867263887403214 0.09390354688744915 0.0964292093785204 0.10613996031020459 0.009186120814148538 0.009310010175498463 0.09010176946472527 0.10623772579896121 0.10878496914129461 0.010459524748300378 0.009509241459573457 
0.009666006805741359 0.009573097974775926 0.01023443691114524 0.10318151505940604 0.10567932361845887 0.010260208174274563 0.010639282559752977 0.010981371274824797 0.10407613487782369 0.10709030190694668 0.10910531749075601 0.1001940469581346 0.10507985844283951 0.009454951945948278 0.010579586589856676 0.10233140542802421 0.09025965314477538 0.10387940851640316 0.009424282612556921 0.009898402762356338 0.0094031291373495 0.009664325047699299 0.010396029893359169 0.1091417198752027 0.1074624596059143 
0.10279832141493572 0.10505273203947377 0.1064230096761347 0.010591797424900221 0.01038727689345746 0.010426103309833457 0.009613676794951693 0.010467050354008228 0.09218122341319096 0.10231373863878626 0.09244822713478079 0.09940126850366572 0.10207309720672289 0.009474852037426035 0.009970183885101642 0.010766667256413764 0.010804117989328312 0.009554846306193753 0.10183467429262352 0.10051349825101503 0.009102385827813952 0.01007592978753884 0.010413792146977519 0.10346602092105894 0.10005982531081903 
0.010086703165072508 0.009941754060967064 0.009109203492217943 0.10973865566833743 0.09430480776148173 0.09392117577455288 0.10862516826311991 0.10694616948872833 0.010058642709559272 0.009857657216346497 0.010605509955640642 0.010176136450050707 0.009137831080625786 0.09905831791279573 0.0983444540815855 0.009805161162173318 0.010823144538864208 0.010149239762509787 0.0948836516070626 0.10613651631177844 0.009664734735933602 0.009405554131430627 0.009672742784267668 0.09966061971793724 0.09097777722549691 
0.10740766742902211 0.09650811955401756 0.10485581751520133 0.010397839295579376 0.010501714302386875 0.009988903314220128 0.010197260389301518 0.009674299776302105 0.1046240474090246 0.10638615511034676 0.1021233102931179 0.09422726184223375 0.0977110096737877 0.010934696295168762 0.010482582575252168 0.009056483307655652 0.010299673891038377 0.00979326990246698 0.10080731864282827 0.10459826147950933 0.10009555543007019 0.09809428837059109 0.09634397947642001 0.010154830543775138 0.010371712007406844 
0.009157176124399556 0.010740493745032982 0.010814413251522867 0.10348116623653242 0.10120667569087599 0.10829245649598317 0.10574960497721274 0.10530147278815177 0.009600565423223448 0.010579876442780635 0.09898325181843978 0.10062115569851743 0.093979619384367 0.010869628389488895 0.009477606569567316 0.10045750312438231 0.10681138659898684 0.10077496514656044 0.009644743917870369 0.010559014244093997 0.1061618979674912 0.10796018386392983 0.09810908927113351 0.009821783016885108 0.010658233865338998 
0.009023072359372305 0.009925565291364447 0.010944028879361694 0.09894331461373629 0.09172421393803348 0.009061229899648025 0.010793297541181412 0.010939323420882661 0.1097987540910485 0.09512650122483866 0.01039071050767471 0.00926081516837043 0.010428560092467143 0.09443417853087666 0.10554430661736469 0.10395487499565033 0.10309356246091501 0.09922836822921796 0.01050328461352797 0.009640168472299177 0.104864039241787 0.09124293096461514 0.09845122580173236 0.009495886099486775 0.009301746728738996 
0.009972366550086409 0.00914509330928476 0.010903714018854064 0.10801161732539738 0.09892804308206246 0.09188686042024993 0.10400421610469174 0.10823287247517702 0.010046195296129023 0.009357843858786831 0.010907232086669088 0.010200321123195527 0.010323501932996216 0.10765585665902795 0.10935568302516774 0.009603517974524713 0.009070812907232325 0.00940137857501753 0.09896648982386003 0.09964218559304294 0.10563606046073133 0.10004917502402076 0.10210895650027557 0.010607369212841491 0.009716721050187319 
ability 
0.016012914636342673 0.014952199184882315 0.016319475881785346 0.14160154969814667 0.13656596623533268 
0.01516383672943059 0.014667887690520638 0.014876711846483015 0.1483748526647805 0.14635813080430127 
0.015609075460279814 0.014985294332560788 0.014667100216872177 0.1586950827514532 0.143472902147346 
0.01381114514706789 0.015305445313478645 0.016144462226745156 0.1418629615926308 0.13733084614721275 
0.014447399446559159 0.014867036987626715 0.01481341720189638 0.15458354197283444 0.15150808440531868 
0.014666066279444789 0.015471957480430749 0.015382344250408004 0.15620210650254251 0.15137021199836148 
0.015689886191922655 0.01407446432621974 0.014773229902058945 0.16291287317511458 0.1615386104516801 
0.01537761538861625 0.016348888656736144 0.014336236375065935 0.1580761531877838 0.1402658482255865 
0.01522540167280391 0.016145678324399962 0.015268043923731538 0.16074914141582283 0.14911860450687064 
0.014298868416070306 0.014293426982024711 0.015289197689720355 0.14923850781437356 0.15250896039506967 
0.15620733969785427 0.16484453244267008 0.1491764450732061 0.015314723099475494 0.013722012264306672 
0.1576182350779563 0.15707604237812067 0.1377931095407403 0.016037477311515246 0.014937092153615817 
0.15804802813152743 0.16157873904908263 0.14505264774854082 0.015882893402907463 0.015901864706851454 
0.13834698264559203 0.14249815534212984 0.16491610612723392 0.016019577856583117 0.016423992902679412 
0.14118414653603903 0.14962008424261963 0.14077564171419063 0.014218149338875347 0.01460502915638787 
0.14259318414010239 0.1354167981104497 0.14831533003621408 0.0145181341472501 0.0163657873621115 
0.1622906745598101 0.16144550272532954 0.1393843044020484 0.015190480642074795 0.015745287300759508 
0.14211627765287985 0.15688631788326113 0.1626351976589929 0.016148921011132158 0.013664132830667166 
0.1539553020101662 0.15549423748037014 0.1528705980496365 0.015210740062450162 0.014744492478955179 
0.15951185128461048 0.16432002726215322 0.13547997853620944 0.016141290324226308 0.015772887408758617 
0.13634571872887785 0.16472449871746006 0.1551061688810371 0.01468534224569832 0.014597291468813875 
0.16216773155199954 0.1358259758134738 0.14116120676040042 0.014513037869415702 0.01425439698876541 
0.16446792263818674 0.1359406317584886 0.14857995375827102 0.014185572595822805 0.015590283268202006 
0.15493757488494556 0.14966949425884873 0.14051907325279037 0.013702856921594377 0.013773967187325842 
0.15807248959772724 0.150580014058294 0.13584158198876017 0.01427353029720139 0.015948413803143727 
0.14643697201074027 0.15122426140186143 0.16362908103569115 0.015995123478729317 0.013719135879049668 
0.16341215406715096 0.1450498642360227 0.1499925546810969 0.015188284440960298 0.015735666396487255 
0.13567601467679316 0.1393634494804857 0.1477748035380024 0.015957316296233412 0.016308031226608323 
0.14402976192175662 0.15281996241219659 0.15638467179604046 0.01648594510225231 0.015053997485970895 
0.16265223466698142 0.1469037848318543 0.15809319282329942 0.013508168887146316 0.01465054499534112 
0.14782162529621012 0.1500390624459302 0.1624838106767563 0.015008793265419224 0.015011203408243613 
0.14652453231929383 0.13785070756979612 0.16180189971006728 0.014275582620280787 0.016094722018107317 
0.16178192913612185 0.1439858820516908 0.16112636695373467 0.01404168645444052 0.015274676552143648 
0.15996848329017185 0.13834393863397038 0.14781606754426238 0.01515512652357224 0.013586888372212455 
0.1411306808150282 0.13777327414508422 0.14455882832334294 0.01487352687275429 0.01645886652750478 
0.13915934950938785 0.16329093741843206 0.14598399737093906 0.013620601217375834 0.015881214073514532 
0.13673483195082023 0.15716783492612293 0.15828602155789714 0.015799158366996194 0.014687165187498298 
0.14107196704064948 0.15527068598748173 0.15786584449712476 0.014940474934507222 0.015086516448469629 
0.1634403583487319 0.1606518173710933 0.15702788518668342 0.013841530806916202 0.01522480203272748 
0.13983885292637727 0.14498810296020323 0.14330955328191852 0.014415374426988052 0.01392943492873307 
0.14237680820127305 0.14277451180627657 0.1388477272750341 0.01633610420865105 0.015468042959865343 
0.1467574654464777 0.16292279740041615 0.14247408166861614 0.014393219899596455 0.015661024291587097 
0.15366176110392513 0.16076928847996852 0.13948561829625084 0.015858197024184343 0.01388191030389402 
0.1449147826888696 0.15427110200165797 0.14656737889818652 0.015292579503239753 0.016242912545259135 
0.15527650045211464 0.1592138993910198 0.1571654044733296 0.014658952054552941 0.014734302544421898 
0.15651010326132322 0.1572080175013015 0.14059964222642918 0.015609033643004755 0.01566437988225123 
0.1500605070409681 0.15380124166501144 0.14169215414037506 0.014400663836744125 0.01623327738888789 
0.14989329380092783 0.14661949461929127 0.13897483209175895 0.016317953665435907 0.014046193415506206 
0.14722587993443167 0.16225031839229556 0.13852518314876933 0.01604316763569884 0.014049874159906939 
0.13802956318940357 0.16073575357259434 0.14214324552572732 0.013684957691381085 0.016451103292863006 
