file_name
position_num 20
robot_num 50
position_x
-15.141671160969679 4.513111022235428 20.172798523589073 1.0610248737650387 -15.164612874890027 -10.236321604476913 21.571681477019176 -6.796876451541202 18.320826257000867 -0.050773388492075355 -9.411391337305929 28.30138410992926 15.209036129710036 -16.417024125743005 17.656938836612092 -10.170259362549896 6.367244578633617 0.003740162492501753 20.88681613048613 15.933770190588284 
position_y
-20.00997307303864 25.152540158503925 19.151848228694284 24.120329269467078 19.035652943690934 -21.384277451934864 -10.074407950612954 -23.742723752833047 29.865616913482214 -26.995187764823275 15.974200689986546 -17.90250552840846 11.185296438614927 -15.242839252274155 1.3512775023739714 -1.925795956119984 6.613261140897528 -0.49178900570031203 -8.64197736952941 5.982179210939101 
distance
0.0 25.093210793572677 25.55422562951528 27.816094097630923 24.14365460841126 24.337657377774256 23.708007131170064 23.80821575215887 24.69644631725095 35.0372337430067 26.995235512864916 18.540479351620974 33.48832702200055 18.879238237135443 22.40229518633967 17.708569675958653 10.350983797018614 9.180251981391603 0.4918032278698177 22.60404523363449 17.019738558458286 
25.093210793572677 0.0 49.25406647230758 52.7329120831619 47.010753489334476 39.04563275656506 5.094228773547288 38.03400736476877 9.141609616474065 60.06091249682462 16.629143690211272 36.43757495038711 43.49414294732165 43.52367485575203 4.934783688251462 39.14143385108722 18.755063243443136 34.226160408428164 24.705120793943838 37.77940209724867 40.51265278339111 
25.55422562951528 49.25406647230758 0.0 16.770036263423346 3.603103952969906 20.60653117267059 48.81824613929891 39.139911842558284 50.18627949565773 14.589931202808678 52.34705883313637 16.677340356310317 49.189621828154074 17.5922343957635 45.495683696954764 27.189341912596337 30.80320847887986 18.631765287745083 26.03778108504553 37.55219878947846 22.31443915270112 
27.816094097630923 52.7329120831619 16.770036263423346 0.0 19.747042712634897 35.33760243267245 50.67437293306065 29.259715032376715 50.66860639234711 10.872655641900664 50.38394379035967 29.75435654833991 37.935458821411025 9.386420218960174 50.217622887021065 17.977482252731818 36.94547666850727 18.649651092857976 28.154278519788306 27.802995567518145 13.835083781647446 
24.14365460841126 47.010753489334476 3.603103952969906 19.747042712634897 0.0 17.003683532943345 46.88602425370384 39.87439137901592 48.50379838583533 18.190906351834766 51.12760679964186 13.267664155055007 50.07949496315649 19.169801689990674 43.06902869696743 28.175416210497897 28.36445636468041 18.29353443199841 24.634817169029677 38.29400390743585 23.456151449135177 
24.337657377774256 39.04563275656506 20.60653117267059 35.33760243267245 17.003683532943345 0.0 40.71926851053767 46.87164353828652 43.589087231098844 35.1932202766747 48.44859585533115 6.517058229157785 57.04139238477833 31.371749251698276 34.30136383833888 37.28258831546252 21.54822282661864 24.85833267741363 24.726502440772265 45.45059683970026 33.72688253869411 
23.708007131170064 5.094228773547288 48.81824613929891 50.67437293306065 46.88602425370384 40.71926851053767 0.0 33.75888339636541 4.170377910246658 58.669092088157576 11.628744859159541 37.3675848701266 38.694670142768125 41.33090095355689 8.71311349728883 35.985266945165456 19.458593637331003 32.55058489880129 23.267035446472182 33.63058004048623 37.86550745524345 
23.80821575215887 38.03400736476877 39.139911842558284 29.259715032376715 39.87439137901592 46.87164353828652 33.75888339636541 0.0 31.48964807385604 40.072105582388104 27.456207748559496 40.47815229390895 10.323178251627974 22.19140118453519 38.338680669701276 12.077727352909507 32.77118682165017 22.575500018930757 23.600904185862568 1.5877335773060814 17.017638935827236 
24.69644631725095 9.141609616474065 50.18627949565773 50.66860639234711 48.50379838583533 43.589087231098844 4.170377910246658 31.48964807385604 0.0 59.200955890512546 7.489220833075519 39.802886519504156 35.58083814850029 41.28228170811139 12.837261304355055 35.038521389228904 22.076187414299522 33.087458369682764 24.22507694407792 31.534415743898812 37.41994325189474 
35.0372337430067 60.06091249682462 14.589931202808678 10.872655641900664 18.190906351834766 35.1932202766747 58.669092088157576 40.072105582388104 59.200955890512546 0.0 59.75505654083747 31.01688793854693 48.799641972857856 18.937729822765206 56.934094063854765 28.522066870387064 42.68999756413768 26.144983532529707 35.45543311166358 38.592993165804835 24.002429734413454 
26.995235512864916 16.629143690211272 52.34705883313637 50.38394379035967 51.12760679964186 48.44859585533115 11.628744859159541 27.456207748559496 7.489220833075519 59.75505654083747 0.0 43.977147617416016 29.774514354858965 41.11704221537349 20.148743354238796 33.42282401879774 27.034762844112997 34.21576818478279 26.503454822198588 27.84282648509574 36.647133122327894 
18.540479351620974 36.43757495038711 16.677340356310317 29.75435654833991 13.267664155055007 6.517058229157785 37.3675848701266 40.47815229390895 39.802886519504156 31.01688793854693 43.977147617416016 0.0 50.694029787944736 25.081847072881203 31.9934754836533 30.7656363651893 17.916075480148066 18.346458530448768 18.967696692454844 39.03764334612382 27.2436727720914 
33.48832702200055 43.49414294732165 49.189621828154074 37.935458821411025 50.07949496315649 57.04139238477833 38.694670142768125 10.323178251627974 35.58083814850029 48.799641972857856 29.774514354858965 50.694029787944736 0.0 31.898429411303624 44.797431397711264 22.00028127486305 41.65720346147593 32.89573364985497 33.224835632550636 11.863102465340809 26.896766332700647 
18.879238237135443 43.52367485575203 17.5922343957635 9.386420218960174 19.169801689990674 31.371749251698276 41.33090095355689 22.19140118453519 41.28228170811139 18.937729822765206 41.11704221537349 25.081847072881203 31.898429411303624 0.0 41.214730902646835 10.134108549882624 28.565877957218834 9.953933121950346 19.171733096528353 20.62420840663562 5.253348298364962 
22.40229518633967 4.934783688251462 45.495683696954764 50.217622887021065 43.06902869696743 34.30136383833888 8.71311349728883 38.338680669701276 12.837261304355055 56.934094063854765 20.148743354238796 31.9934754836533 44.797431397711264 41.214730902646835 0.0 37.899863625438556 14.7093749751074 31.572330050055466 22.07339990093816 37.88334562122694 38.692057345937506 
17.708569675958653 39.14143385108722 27.189341912596337 17.977482252731818 28.175416210497897 37.28258831546252 35.985266945165456 12.077727352909507 35.038521389228904 28.522066870387064 33.42282401879774 30.7656363651893 22.00028127486305 10.134108549882624 37.899863625438556 0.0 28.019496249358404 12.455748401871393 17.749149770654448 10.50224977175385 4.941109269893853 
10.350983797018614 18.755063243443136 30.80320847887986 36.94547666850727 28.36445636468041 21.54822282661864 19.458593637331003 32.77118682165017 22.076187414299522 42.68999756413768 27.034762844112997 17.916075480148066 41.65720346147593 28.565877957218834 14.7093749751074 28.019496249358404 0.0 18.61194596786659 10.274562874858223 31.774974916716538 27.27556470825003 
9.180251981391603 34.226160408428164 18.631765287745083 18.649651092857976 18.29353443199841 24.85833267741363 32.55058489880129 22.575500018930757 33.087458369682764 26.144983532529707 34.21576818478279 18.346458530448768 32.89573364985497 9.953933121950346 31.572330050055466 12.455748401871393 18.61194596786659 0.0 9.538130112339497 21.060395534257612 9.587318534736637 
0.4918032278698177 24.705120793943838 26.03778108504553 28.154278519788306 24.634817169029677 24.726502440772265 23.267035446472182 23.600904185862568 24.22507694407792 35.45543311166358 26.503454822198588 18.967696692454844 33.224835632550636 19.171733096528353 22.07339990093816 17.749149770654448 10.274562874858223 9.538130112339497 0.0 22.417145943471223 17.195293576036747 
22.60404523363449 37.77940209724867 37.55219878947846 27.802995567518145 38.29400390743585 45.45059683970026 33.63058004048623 1.5877335773060814 31.534415743898812 38.592993165804835 27.84282648509574 39.03764334612382 11.863102465340809 20.62420840663562 37.88334562122694 10.50224977175385 31.774974916716538 21.060395534257612 22.417145943471223 0.0 15.440162556553576 
17.019738558458286 40.51265278339111 22.31443915270112 13.835083781647446 23.456151449135177 33.72688253869411 37.86550745524345 17.017638935827236 37.41994325189474 24.002429734413454 36.647133122327894 27.2436727720914 26.896766332700647 5.253348298364962 38.692057345937506 4.941109269893853 27.27556470825003 9.587318534736637 17.195293576036747 15.440162556553576 0.0 
lay
0 1 2 
3 
4 
0 1 
2 3 4 
0 1 
2 
3 
4 
0 1 2 
3 4 
0 1 2 3 4 
0 1 2 3 
4 
0 1 
2 3 4 
0 1 2 3 
4 
0 1 2 3 
4 
0 1 2 3 
4 
0 
1 2 
3 
4 
0 1 2 3 4 
0 
1 2 3 4 
0 1 2 
3 4 
0 1 2 3 
4 
0 1 2 3 
4 
0 1 2 
3 
4 
0 1 2 
3 4 
0 1 2 
3 4 
0 1 2 
3 4 
edge
2 3 3 4 
1 2 1 3 0 2 0 4 
0 2 2 3 3 4 1 2 
1 4 2 3 0 4 

1 4 3 4 
0 2 0 3 1 2 1 4 
1 4 3 4 
3 4 0 4 
1 4 3 4 
0 2 2 3 1 3 3 4 

0 2 0 1 0 3 0 4 
0 3 2 4 
2 4 3 4 
3 4 
1 3 3 4 
2 3 2 4 0 3 
1 4 1 3 2 4 
1 3 1 4 2 3 
demand 
0.10897781474562128 0.09549802086647788 0.0929189303075843 0.0106121487700232 0.010055364865083205 0.009507625685825477 0.010558163012289758 0.009730875129886603 0.09023115722070811 0.10804133280356523 0.009194334695821453 0.010032157228195542 0.010837204504753178 0.09652464605379069 0.10183142101927692 0.10351244505742914 0.10851055200219828 0.09682184330914738 0.010827399064997053 0.010814138382842085 0.010041931608491001 0.010244949406764672 0.009647247616495843 0.10615606163816178 0.09264271585818004 
0.010123337411552384 0.009460763246380307 0.009402598175689737 0.1053446821063824 0.09438189055381618 0.09027046324818881 0.10645955906003435 0.09367747229234193 0.009384657125538098 0.010641263367437164 0.010538725990406434 0.01065762671107023 0.009788027029865878 0.09637122187783059 0.10512508315944986 0.010577267052833359 0.009684753396706948 0.010330283664379013 0.1085934805461472 0.1089469469591286 0.10300948974477858 0.09610702957692839 0.09877082103745893 0.010895545846067403 0.0106928495613127 
0.010740394204342568 0.010088370966959305 0.010239399082322085 0.09404645168957634 0.1069961914539306 0.010121889810081035 0.009347637935439137 0.010734886545918684 0.09227205387779375 0.0923279995069805 0.009664735418883585 0.009574796014665465 0.01029594564127564 0.09071566374038087 0.10296762131096944 0.009061281437368219 0.009886620538379276 0.009655331251175696 0.1026832881174416 0.09350805405511792 0.10821144382053548 0.09902972495591747 0.10538398669613697 0.010739183616399821 0.010165329976022089 
0.10996312597135541 0.09062888676465612 0.10157301760764713 0.009297271091280866 0.009116503060172379 0.009036313629644493 0.00919106819860151 0.010143798226607917 0.10289648308642535 0.10736802800303331 0.10729871217267016 0.10310986234220082 0.10798495568772151 0.009837324665292588 0.009863034691403472 0.10123827667722728 0.10389835460805613 0.10070660848125215 0.010001613464443757 0.009115225189910618 0.009437054834303972 0.010231229555837553 0.00934480043338339 0.10611992356804856 0.09155736618388825 
0.10945728621286786 0.09760817681684877 0.10823852689500955 0.009263015756171193 0.009617699211353971 0.010312313889006582 0.00935393904885292 0.01016970393094745 0.09214446383362523 0.10354271207635535 0.09287010078702962 0.10746969632909614 0.0955307963334841 0.010425379391235244 0.009579564087890206 0.009979846031710439 0.00947575999807472 0.00964977906354734 0.10403859656223183 0.10873908656357632 0.10350581174437241 0.10867525456440391 0.10238766274612382 0.010955487992181896 0.010456453443480854 
0.009169390150377921 0.00969404064597679 0.010476871157095264 0.09954069842958108 0.09070352866567294 0.00981052423682349 0.010003093780686067 0.009655578355777024 0.10921372806508366 0.0910218349078053 0.009744628881522489 0.009975928277882863 0.009907911036243867 0.09387473104026917 0.090624283323874 0.1031017061235243 0.09825960535325223 0.09046737190586678 0.010473918374204952 0.01099753691219078 0.10606204525242827 0.10758352281145751 0.09040345904076215 0.009404291877469923 0.00997771649862688 
0.0101565006108935 0.0094060714707479 0.009239056451519177 0.10899424953350437 0.09457473600599325 0.010553101200242167 0.00993794782767449 0.00964263580572332 0.1020607944761942 0.0990417850186457 0.009446435936220288 0.009106881207404147 0.009486504665889796 0.09102969014675708 0.09479828746775948 0.09592482197158668 0.09795847284575554 0.10208766509046646 0.010028163379689608 0.009228641441832653 0.105319787429148 0.09137674847493078 0.09720019361556341 0.009520997700926044 0.009153545615656282 
0.1049657065872109 0.10860178217580918 0.09779942867398343 0.00989484300250672 0.009785595362499781 0.10355682784533049 0.09620884789112998 0.10259783420309024 0.00914267683276567 0.009947560645645089 0.10949837050119533 0.09003592463619664 0.10124352228130913 0.010798748171134685 0.010144506247436607 0.10755378748215877 0.10698945248163244 0.10877632895678276 0.0106803544887768 0.010944972223897478 0.010629148321633848 0.009998066793642343 0.009064685064060815 0.10301660662225001 0.0987974560163222 
0.009559070569156704 0.010196229169579005 0.010352376840168485 0.1052809034871445 0.10047979842493884 0.1063994721762339 0.10190056029580968 0.10821776719052206 0.009070671822858667 0.009681396838679787 0.00905281347739906 0.009246112257027844 0.009636531798016698 0.09388154175435341 0.0980742641040936 0.010298829539682862 0.010338638372701664 0.010834375533752721 0.10617728078225214 0.09865087486404778 0.010178971030633435 0.010262592957100284 0.01089783188218545 0.09258599403500906 0.09323531370504579 
0.010059528571228785 0.010250300713252551 0.009224436103229315 0.10541214277917853 0.09058460254063061 0.0900580462015786 0.10388027190479271 0.09539072843073515 0.010533784537565656 0.010115835000549592 0.10398463526800204 0.09789683792925719 0.09536773051508307 0.01081536986623838 0.010297882827197806 0.09257442348318981 0.09732293619654929 0.1085171682575564 0.010852837401382463 0.00984433211748021 0.10367877595080091 0.09974733111269829 0.09390414095882652 0.009693434686872296 0.01041199208389937 
0.00954000319548731 0.009883251091592564 0.010038206858426539 0.10444314760334095 0.10534411780482876 0.010986622951133524 0.010513316695778164 0.009785994150895759 0.09864465087142534 0.09673504270199566 0.10205063509315299 0.10846358602288862 0.09945349888989502 0.010281175538527608 0.010776868708361335 0.009174967289783082 0.010467791947988296 0.010358452091245545 0.10051494054496153 0.09171141877295913 0.010475095264028128 0.009132446050716817 0.010887665377474199 0.10707755002011021 0.10720377372654775 
0.009250044813297107 0.010064303319068098 0.009993568075319854 0.10659307772477303 0.10962747647667995 0.09470301385355188 0.10536931122772009 0.094745750762379 0.009730343308133483 0.009174405885333598 0.009080828445374403 0.010271758059061721 0.009224193472352179 0.09055618667830628 0.10426690454773938 0.0998228761152083 0.1094037185070259 0.09841796776303799 0.010525291251191053 0.009634961889539505 0.009336694986670507 0.010134351193232667 0.009660369358150508 0.10630707810329657 0.09500471323175605 
0.10715851299203748 0.09157053593450887 0.1058098749365422 0.010489311194408966 0.01083705776604337 0.1029555301585748 0.10628229518339781 0.10795892812134533 0.010427987759503637 0.009550093543578154 0.010046801506407759 0.010527101193212395 0.009499103705631175 0.0915232832718002 0.09430876348663103 0.10233091569291175 0.09869147066217396 0.09324686481964227 0.009831183204069253 0.010079683549858418 0.09869069784778822 0.09897679971897116 0.0960920490017225 0.009143797926807338 0.010924761711520053 
0.009690493945714864 0.01007124685295138 0.010087626792343648 0.10990262546929225 0.09128837133877862 0.010069716231281478 0.01017147118045279 0.009709427109077256 0.10042193488272332 0.10428972808575832 0.10138187280501132 0.10160919110149294 0.09774009310810125 0.009184819364208901 0.010921451465052998 0.09290134206055643 0.10497340594919886 0.09952941604286084 0.009955905985204546 0.009868681337837916 0.09964896899552358 0.09422308481595214 0.10680599540696917 0.009511591686350757 0.010864266605577533 
0.010689767272963467 0.010159563550985535 0.009313315877867264 0.09225243284481417 0.10123995555997829 0.09938120807851686 0.09383437967500402 0.10960493514290262 0.010975202049338132 0.00907522827126062 0.10929574649540007 0.09357941353008381 0.09865982816543947 0.009421643749507049 0.010481453350103706 0.09788988518640251 0.09599718979579001 0.09927019523231667 0.010153429105023273 0.00963476009941583 0.010490041058049139 0.00954129803334411 0.009084341723367993 0.10709792255554898 0.09061240099794288 
0.010737908135633968 0.00951992587635913 0.009922327109749168 0.09908642263966459 0.109497687731634 0.10684041687242879 0.1003664649503941 0.09276018682404291 0.009398870729469733 0.009539963843050309 0.1016843019311823 0.09556388368059904 0.10098677844113534 0.009842381192210304 0.010951975638265218 0.10765614744001006 0.10372670229060613 0.09086231993076799 0.010905354121115938 0.010737236535904766 0.09869600953242615 0.09577304248466334 0.1089974090656485 0.009036116963896267 0.009077811890711726 
0.010777552987430123 0.009797228894185103 0.010502524277212339 0.10729395345964857 0.10997993499171016 0.10256441498520295 0.09133076299094897 0.10335925028174626 0.009609173384395847 0.01055378622673053 0.01097322008119532 0.009424781800078587 0.009726905228827094 0.10620527916649691 0.09070755521581311 0.009882733661475433 0.010731627887074631 0.010463501530124635 0.09124842252807344 0.10114633072264918 0.009706184147402755 0.0107404941286257 0.010998233617897528 0.10980330547039106 0.10894506080474886 
0.09050762489412535 0.09960944069281721 0.09441934929519841 0.009801064352656876 0.010934463700607286 0.09217133684068027 0.09166551076520894 0.09366316652803199 0.009031223923652444 0.009860508052451243 0.10544453148110083 0.09064294932250513 0.096551360492504 0.010447600032642003 0.009582119544563679 0.09162338571569958 0.10107235202454518 0.09126267513379646 0.009584463546006079 0.00987425364978891 0.009296240198218307 0.010166886023737836 0.009658435218655904 0.09237590561841513 0.10633438723894942 
0.010932639194115929 0.0095658247190523 0.010642331582075329 0.0915026800877471 0.10493942435769495 0.009492984671658263 0.009954511741935977 0.010619747467663008 0.1008310416810311 0.09503782434242991 0.00904982368799976 0.010931885608035768 0.010405679900625278 0.09907936131688372 0.09129153516569205 0.09741375272530348 0.09237670454888147 0.09384424549071346 0.009054062998373297 0.010481290567154385 0.010942859334122961 0.009708879721728573 0.009502717245709292 0.09076787255068001 0.10905996636701487 
0.09863741565367047 0.09732556182390296 0.0954498039256429 0.009981143970134517 0.009674792797011644 0.10053840902068821 0.1091306315177139 0.10469651651168158 0.00986013250008343 0.009050374532106217 0.010448752181911485 0.009383078295962084 0.010537677595015702 0.10064600948021851 0.1009067796803975 0.10812641572126239 0.09706801535090313 0.09833964848607057 0.010118830298392192 0.00929086831057956 0.009726267775770238 0.010065089308131792 0.01001920575973762 0.09018845551973315 0.0908753213434048 
rate 
0.09862241514576708 0.09631283017411334 0.09058465766426622 0.00980900682326793 0.0106048265711912 0.010359154558723358 0.009451454643422716 0.009696505849459925 0.10995438878325128 0.10599159818783895 0.009640985294891968 0.009900023251017274 0.009965705170084225 0.10864826766095832 0.09374282561764541 0.09856917122228312 0.10488861235497166 0.10305005429487796 0.009505267839599407 0.009080241064985051 0.009477013437841833 0.010629174252767087 0.009705352826185175 0.09126897760571143 0.10400364964040032 
0.009761468751695543 0.010229133791591061 0.010987036391287588 0.10975281192876274 0.10575231721778032 0.09456730775789429 0.10572571540176821 0.10384591122214566 0.010466696245251763 0.010802081892913854 0.009854852761716966 0.010727445321106775 0.009009351840268229 0.10619328008574802 0.10809413076848547 0.009603297514020196 0.009093342298235189 0.009325109358706389 0.10985135886322828 0.09293175500280465 0.10361229368689083 0.09498851855680193 0.10784500827900304 0.010705020561492098 0.010180667678912365 
0.010769836341611168 0.009639792628307546 0.009899203999826958 0.09439411219363425 0.09735975421898611 0.010669708705297423 0.010139224927509871 0.009713577878173988 0.09982066618662838 0.10765905683226168 0.010486752587907638 0.010306630261560906 0.00972632808023798 0.10762433506973267 0.10579652329546874 0.010216740415349508 0.009552041473151541 0.010230674712428502 0.10679676637435934 0.09764271616895531 0.09460895720589331 0.09408659612618833 0.09744994420672184 0.009281295877557123 0.00924103780498152 
0.10379694237457529 0.10677360971685657 0.10715499895060535 0.010889439632905397 0.010439539842997012 0.010587249318354095 0.009585978616841689 0.009738089132041333 0.0972440401473231 0.10521640378766049 0.10178651952251504 0.10388064253140161 0.09885598417414992 0.010521838421918388 0.010733094124949693 0.10595902240197273 0.104566654590446 0.10768033766948935 0.010345805521147422 0.010775733850845268 0.010075902246399959 0.009254243428582465 0.010636849536977844 0.09760392689373815 0.10209176677513061 
0.09710646116107792 0.09235202971788264 0.09608707322462037 0.009772517983674905 0.009139030489800356 0.00968308483717219 0.01080832568409366 0.01095775097794145 0.10760419041882302 0.10619561143854475 0.10040068494299403 0.10784441128423206 0.10999966108124382 0.010581779639953439 0.010229555439355463 0.009159533915796098 0.009862467222900873 0.010587851524575838 0.10665696169416967 0.09594724131478657 0.09114520705667804 0.10174804981047328 0.09159271663059049 0.01016699031653922 0.010129792344288352 
0.009943523797468693 0.010517008958862041 0.009575450609566983 0.10501387968548799 0.10589124172299334 0.009384683252072692 0.009445001582039122 0.01050356336429719 0.09712482716464799 0.106604997917763 0.010261421360681245 0.010021881189170754 0.009587137642858607 0.09354027393854666 0.1095521184859045 0.09237131204813219 0.10457075227596571 0.10216435543080074 0.009327446840906318 0.009599875754588904 0.10236977384827078 0.10823375739025361 0.10947460544283281 0.010204870076589878 0.009572786589605427 
0.00927331153087497 0.010652371212071392 0.010146964206801895 0.10664964457114663 0.09455788265458578 0.009922242613303439 0.010759108324750584 0.01012035703413865 0.09175259042771627 0.09208982584967074 0.01062309652939768 0.010156284700830576 0.010861373483813561 0.10515060162938682 0.09955487593861827 0.0986797099917111 0.10379963143938141 0.09360415327177994 0.009346791707375216 0.01066828757997429 0.09501260420912086 0.10101484839657737 0.1068016796143944 0.009798121525358654 0.009621359172260513 
0.10393244453784917 0.09880744326113453 0.10145708840808415 0.010854552302951521 0.009334798626002947 0.09471540720921116 0.10555935169409898 0.10231073200401684 0.010536275563605771 0.010542416709806006 0.10967146294191213 0.09957024481434198 0.10212222645852019 0.009260583475728812 0.010367979127606794 0.1001458488955272 0.09906605046531022 0.09139248647618894 0.010708965385156468 0.009200008532692544 0.010584366966976809 0.010633611526692874 0.009846112906073711 0.09631875145006258 0.10229970780876765 
0.009647850414689907 0.010530759724114245 0.009373292746003568 0.09979471612956342 0.10954770041089366 0.1000294641830001 0.10513526820616813 0.1080947667303309 0.010644433840780293 0.009441144697064249 0.009197086334242635 0.00968813485536489 0.009633083684198412 0.10962659935840202 0.1008043166449413 0.00962124226716001 0.009346084349478789 0.009623864589379113 0.1092612139893387 0.09935515135506359 0.009629462829669411 0.010816633317642599 0.010058843636221082 0.09891652689888235 0.10734445019411004 
0.009004834333209076 0.009861290454131273 0.010666459428594215 0.09660155078683086 0.10635481863153362 0.09202067653784302 0.10942592594839856 0.09497225266888198 0.009886795828121893 0.010118843883304729 0.10554643130688567 0.09161407809194422 0.09968234363022588 0.010472633931419131 0.010420097181750283 0.09632330377201778 0.09382887945833804 0.10037090350455682 0.00976192982945083 0.010944657791598493 0.09190125838516527 0.09865239947009422 0.09729206285929687 0.010957791017247438 0.010851893844599714 
0.009380937291626723 0.009956299536351396 0.010503325952762599 0.10749413118000378 0.10214212509980942 0.00950734259942107 0.009936686231852555 0.009052606849603264 0.10413345808860855 0.10959776379388292 0.09217113296502205 0.10380390455917304 0.10534870716749056 0.010440112143610614 0.010533099847147672 0.0096719046816651 0.009675792876068718 0.010122226705619058 0.10661109559569937 0.10315967308120695 0.010078152476269496 0.009524928192215105 0.010733658300099178 0.0953767666619111 0.1031485820773 
0.01009533344875138 0.010550053018039992 0.010672173095831372 0.09288298177047336 0.09485438168929225 0.10060193712912897 0.0996126297109865 0.09074305345988573 0.009576312683770318 0.009085269021202366 0.009850718296831033 0.010842010496006773 0.009526334359018214 0.09504291683742071 0.10475955199330722 0.102753065900907 0.09137873255948746 0.10063944203413396 0.010875676712273338 0.009601716446545653 0.009240300841066374 0.010105544504999701 0.010117918978674737 0.09890188612454168 0.0910890958054108 
0.10009933305395076 0.10620682753589002 0.10833296006722742 0.009694167879968916 0.010493833787256188 0.09666727241967366 0.0969429952167978 0.09038239050559253 0.010672282551111101 0.00910786602316013 0.009004097327883844 0.010702755513262947 0.010761848717237414 0.1007134596163118 0.10494642948419595 0.10750201720588524 0.09565049923880675 0.09811199762427351 0.009385385694322795 0.009934564376298567 0.09253399914008321 0.1054354223726723 0.09614506279872176 0.009268300534182147 0.009453149134716666 
0.010268613682461639 0.010097935060659497 0.010740425899009432 0.09034493868701533 0.09265740441130707 0.010117131834500866 0.010984035914047157 0.010914757359651887 0.10921554651740586 0.10124156845687049 0.10884435210485269 0.09535972106915613 0.10476271855088722 0.009853118404301545 0.009467267675928082 0.10409587751880656 0.09225625938593297 0.09891674236510575 0.010396354354861722 0.009881502834840386 0.0988516499699567 0.09723405916122814 0.10183041473165602 0.010466871083876757 0.010344329792342087 
0.010041317344218467 0.009760526698521387 0.010117569501229018 0.09339637287210704 0.09745658358941245 0.09196163303738746 0.1057708466357656 0.10011266336342606 0.009112666666794809 0.010438928766786863 0.09551826454704355 0.09349822859867449 0.10126707053386907 0.010288793057606951 0.010050519431173755 0.10012343125469399 0.09282351275517171 0.09392249078528384 0.009304312926207908 0.009066220940326176 0.010383940093726458 0.010493895582910228 0.010417061986946863 0.10688814644536855 0.10333992773688566 
0.010864450771445258 0.009535044965471966 0.0102356037853662 0.1081364535980119 0.10363656792700862 0.09258740237104124 0.09055873578049688 0.10208750696273663 0.010623679496890049 0.010447830116064418 0.10066537116056173 0.09968554467204767 0.10729282523846809 0.0099692384593095 0.00938086431209752 0.10431577645837582 0.10375820556676779 0.10609083698715667 0.010046006962822958 0.01051970711653558 0.09614902920151425 0.1066031921020868 0.10450647785118937 0.009158109561993961 0.009251687024078876 
0.009626447408694682 0.010194934653671266 0.00916000046837427 0.09325835043634463 0.10233983628008936 0.10358413687712727 0.1058921383545519 0.09446798585770665 0.009074923119804462 0.00988128473188083 0.010578797377206395 0.00900231104633058 0.009573230189043675 0.09870508503961653 0.09150848976273913 0.00993391221958909 0.009724857755151929 0.01074826871578799 0.0963391814477774 0.10908829380097214 0.010534479266171416 0.010335823969655772 0.010466023184488523 0.0952123627403938 0.09394580896328483 
0.09747865772906825 0.09203416253215063 0.10923285690398084 0.009936725222531998 0.0090176424389628 0.09210692559517636 0.09480894616619022 0.10152631259954153 0.010833923062375654 0.010941128082693053 0.09292472684030356 0.1043794542903668 0.10963974749039965 0.010297049184843898 0.009729992244924357 0.10116344482376838 0.10988370260687914 0.10153114550516287 0.01097749313333242 0.00919154071050091 0.009451535174945562 0.010181499661686133 0.010400708975023461 0.09595738279582232 0.10210773806769075 
0.010232527196159549 0.009038770495029842 0.010535880495678227 0.09475863945314399 0.1085447852040487 0.010867179006700303 0.010870118205248823 0.010603034885172079 0.10020339964843779 0.09018084839111129 0.009586054977839088 0.010608525304778712 0.00962124796051999 0.10851829641577188 0.1082062143378717 0.09252392295408857 0.09371136145297375 0.09751414850862783 0.00918311878289845 0.010707519265864933 0.010886098657717967 0.01000381524816585 0.0101539752776133 0.10465908622550134 0.10472208088850002 
0.0942762851781971 0.10339565218143831 0.09336040722469581 0.009550471976654252 0.009638049114893524 0.10582193871028898 0.10775220067401184 0.10957539428649764 0.009593320941188102 0.009106407394056404 0.010103021015847296 0.009632424355032497 0.009426692258801585 0.10824506526958555 0.10006471589953428 0.10128972356348404 0.10299772191553024 0.09585578791294 0.009657336342366755 0.009045975941821613 0.009179882339012945 0.00982925812594102 0.009309287525350126 0.09361582848025597 0.0996153080752124 
ability 
0.01587186294580259 0.015150867590544749 0.01373943860422134 0.15735713283471886 0.14978504407445933 
0.01546448382335158 0.016402884587172782 0.015979588467576654 0.14387054999087853 0.16408405633318235 
0.015369425119148813 0.014181942987379834 0.0163976649502572 0.16157697312618627 0.13620408198408798 
0.013903264807954556 0.014883245420279825 0.013870976905235298 0.1419718825061604 0.16278215578724883 
0.015803766717578164 0.014609488309156891 0.014328528083692 0.13744007842171793 0.15485188519273033 
0.01417666126495011 0.015663369280136282 0.013673556336541923 0.159861341911806 0.14914747838344405 
0.016367025822815726 0.013961011264645527 0.016270978348905674 0.1419664741840032 0.15306003890161782 
0.014428416380796276 0.01573374359237791 0.013517344345640536 0.1502532183917606 0.14701988500097363 
0.016342316497070162 0.016070352165338767 0.015696267057689582 0.15221153299690787 0.15383056282851643 
0.015917984947445455 0.014161831874015348 0.014216427832441826 0.14745295345425533 0.14376501069479045 
0.015451960290344105 0.014970264751844231 0.015808761661657178 0.16407304120394614 0.1409486960301801 
0.01533252004493608 0.016105379107161474 0.015344351692607495 0.14155700002333801 0.1371250701964134 
0.01627342606325729 0.016427672854678887 0.014621412688473659 0.13544660528076702 0.14062246284137125 
0.013806304423677158 0.015170536013325226 0.01504196821385851 0.15395525958584722 0.14056873371896494 
0.014169874265841619 0.015541463377977063 0.014015803933481445 0.14102443370300327 0.15877758676880196 
0.0157645799220226 0.014807876468806902 0.014724267582730528 0.15828346190684459 0.15066557350905782 
0.016161823440845116 0.01475846394997202 0.016060357926250986 0.14758265858988975 0.1425209923329985 
0.014338699775162774 0.014353830571845206 0.016383164119565138 0.15974937605630515 0.16115708356405614 
0.013662890916984076 0.014552752732263832 0.013634619737118771 0.13853625309624198 0.1569838669840394 
0.01629984460341671 0.015399910308889713 0.014764949930076161 0.1546893895937809 0.16388620195277462 
0.013753960892912679 0.016149326560777492 0.01562551997408983 0.16365527158555251 0.14562181695228416 
0.015336304280855868 0.01596550519577783 0.013568437493806032 0.14644840383348784 0.15694104994740332 
0.014313389995241612 0.014267570128187365 0.013562537023813388 0.1453452942864413 0.14177170752591484 
0.013576020034590503 0.01548536883162099 0.014749315149494034 0.1463934880943386 0.1508455154653514 
0.014758972372033621 0.016361543060336037 0.014614679795424794 0.14868785424774875 0.16250274476287913 
0.15617967535848923 0.16424797759479828 0.14436470919666908 0.01531773553713536 0.015876346229402333 
0.14064978640362735 0.154198799748701 0.1369929246508507 0.01406835313349167 0.013580267045689908 
0.14024850039080536 0.15206523149806672 0.13963699496888807 0.014452779374422865 0.013656397423824278 
0.14845813524195922 0.15390572999068872 0.16052098089450695 0.016155293501381916 0.014129162317330374 
0.15110440418997875 0.13724134023383747 0.1408195760915223 0.013848317126441523 0.014827179397165642 
0.144649493116007 0.1461523421230011 0.14158905840739988 0.013636453852488928 0.015925086129973363 
0.15741630971991763 0.14577088512904737 0.15194671223166256 0.016011642103842278 0.013996502662978107 
0.1596440225566128 0.14196852365711338 0.15500882501136648 0.015123194525399973 0.015641439186315283 
0.13576079002052976 0.16057772774303272 0.15418758119757706 0.013613991194469391 0.014820921406106103 
0.1526522093580329 0.1407379215824505 0.1441582171820126 0.016286762775591653 0.01618440631973535 
0.1565143061678661 0.15411446577950813 0.16117002239008912 0.015398241583099721 0.014859672668484479 
0.147480814421007 0.15977024609160964 0.15624849666771462 0.016185580595808727 0.016358865044782095 
0.1529132356915657 0.13835209924764943 0.15655749055523963 0.015935236862119277 0.014952149382286322 
0.13943365652574494 0.14528760510137295 0.1357662116772313 0.016278552365439788 0.013873399380512142 
0.1436213283912806 0.15391018277658616 0.1515818759217265 0.015874656179643246 0.015408525955165212 
0.1630938221178857 0.1499141990270386 0.16490746673227763 0.014705711408977938 0.0156827579901008 
0.1565162677625848 0.13604983386279598 0.15532560693720437 0.015511914438323213 0.016287531618779494 
0.16121947566612946 0.13801928076428907 0.13909579233300132 0.013985309192885228 0.015753389689182076 
0.13596689857556435 0.15819265496814375 0.1590784103540777 0.015970972126294516 0.015665595586550955 
0.1609814066855239 0.1498687362936761 0.1455550548433247 0.014407753091203627 0.016110860518210823 
0.15041927302351935 0.1589190103051404 0.14455911981672545 0.014679426016489118 0.015874418976197253 
0.15079632211514885 0.16488721931915531 0.16484749724188066 0.01575870954249277 0.014447836809784662 
0.1396215976182354 0.15052864830122692 0.15489451743804114 0.015189192503806634 0.01573556484371485 
0.1594546761960408 0.13598516792389834 0.15918269839350982 0.014332005961957274 0.013949548340161926 
0.13810980017618965 0.1379075077124533 0.14989811669383912 0.014643823025124576 0.016487359166344556 
