file_name
position_num 10
robot_num 100
position_x
25.333327982184173 -23.207245198914727 -25.773852504402623 0.3963173542717726 7.89193317063242 21.530976011580698 -21.225559062177844 22.784516339701 -22.403413365927797 -23.879816899302856 
position_y
21.0959781416068 -21.407679496690907 23.157166199332067 -18.46503138479391 -15.686219725076251 -9.215120605479434 -0.04855242089683287 13.231198654230916 -23.53814288650439 8.889844770735841 
distance
0.0 32.966919789450564 31.57316853208735 34.64889347875613 18.46928400038077 17.559615554820656 23.42010622915266 21.22561459274089 26.347652697381296 32.495493548954286 25.480875086856997 
32.966919789450564 0.0 64.51936265481271 51.148728170873106 46.76460171758746 40.70789030244932 30.54865934478901 51.13532179930338 8.267478283848481 65.35289767476742 50.70427320249963 
31.57316853208735 64.51936265481271 0.0 44.63869336092759 23.786284769014244 31.62110050550287 46.36989248849821 21.45085987517644 57.576853065961345 2.2770638706585897 30.304988523797128 
34.64889347875613 51.148728170873106 44.63869336092759 0.0 49.165893891638866 51.402273832875494 57.32112833763447 23.647248252551993 49.56248597988619 46.816789195842595 14.392492196289936 
18.46928400038077 46.76460171758746 23.786284769014244 49.165893891638866 0.0 7.994126012683232 23.070211225436175 28.401975938231544 38.805701288572976 23.357315368475014 36.57348689668446 
17.559615554820656 40.70789030244932 31.62110050550287 51.402273832875494 7.994126012683232 0.0 15.096311252516927 33.05094541225664 32.52700599765549 31.29633715154607 40.16748745700617 
23.42010622915266 30.54865934478901 46.36989248849821 57.32112833763447 23.070211225436175 15.096311252516927 0.0 43.728106108041615 22.481294706112184 46.210167033211086 48.88690912779316 
21.22561459274089 51.13532179930338 21.45085987517644 23.647248252551993 28.401975938231544 33.05094541225664 43.728106108041615 0.0 45.96997417332772 23.51910289536622 9.324163716995022 
26.347652697381296 8.267478283848481 57.576853065961345 49.56248597988619 38.805701288572976 32.52700599765549 22.481294706112184 45.96997417332772 0.0 58.25747564407586 46.865844174436226 
32.495493548954286 65.35289767476742 2.2770638706585897 46.816789195842595 23.357315368475014 31.29633715154607 46.210167033211086 23.51910289536622 58.25747564407586 0.0 32.46157961177316 
25.480875086856997 50.70427320249963 30.304988523797128 14.392492196289936 36.57348689668446 40.16748745700617 48.88690912779316 9.324163716995022 46.865844174436226 32.46157961177316 0.0 
lay
0 1 2 
3 4 
0 1 2 
3 
4 
0 1 
2 
3 4 
0 
1 2 3 4 
0 1 2 
3 
4 
0 1 
2 3 4 
0 1 2 3 
4 
0 1 
2 3 
4 
0 
1 
2 3 
4 
0 1 2 3 
4 
edge
2 4 0 3 
1 3 3 4 
1 2 2 3 2 4 0 2 
0 1 0 2 0 3 0 4 
1 3 3 4 
0 4 1 2 1 3 1 4 
2 4 1 4 
0 2 2 4 3 4 
0 1 1 2 1 3 2 4 
3 4 2 4 
demand 
0.010242009011169602 0.010770222144879016 0.010647797909161759 0.10082922767446073 0.09134083929746038 0.09998266467416858 0.09292369460509127 0.10584892515985017 0.01033401740387939 0.01019239821436417 0.09314688142244562 0.10646458323453256 0.09955981352964749 0.009233969376553403 0.010698422497592073 0.09469312725288291 0.10051222665504476 0.10145431074271512 0.010580182841799589 0.010142521623324114 0.10071141701393721 0.10124637604011595 0.09814721620384981 0.010862968398136226 0.009887039118103118 
0.010625561416258625 0.01049577294573782 0.010998704324553124 0.10942837670372896 0.10135568187270597 0.09258912157210136 0.10140558946765642 0.09007808243292686 0.01038897554428486 0.010547429165678822 0.10889551933401392 0.10393116579338571 0.09887871582505761 0.009992845723175088 0.010306126992367581 0.009891595684558259 0.00945707411310325 0.009257790194220785 0.09186760421135692 0.10696706192678324 0.009782721082322962 0.010002079622980106 0.009125410746122373 0.09645154056470351 0.09205159798206436 
0.010748274090928607 0.009995139896572016 0.010431986818293383 0.09175434249428148 0.10875983999934813 0.10532050215065257 0.09723014442052517 0.0930242677667216 0.01054347241991009 0.009413333959549913 0.10750982041045504 0.10862802085666834 0.09159248962957856 0.01032272831971058 0.010502043565728932 0.10747123917372564 0.10927119982236058 0.09048280607175954 0.009127785306328027 0.009448166790328923 0.09397988112378008 0.09447867901680106 0.09615682246329105 0.0103101935332181 0.01070899010157986 
0.010716063528594465 0.010014949069498059 0.009175546004399565 0.106408503290956 0.09091651115806858 0.0100441565278879 0.010944719011404251 0.009560131147069741 0.09222075437385122 0.10130869934718481 0.09420111680824539 0.10898248065256354 0.1098262874550281 0.009977693006695211 0.009742043575148384 0.10630713157860841 0.1003528859855142 0.10211636710053872 0.010539396658385325 0.009424382357095444 0.009199451898481066 0.009817915050225235 0.010629933743229776 0.10989239489659824 0.09090985738409968 
0.009952801369170015 0.010922394862146719 0.009841232256345128 0.0943569524374309 0.10593655081959881 0.09429110494038896 0.10728828203246446 0.09716090771614393 0.009711516594323361 0.010184363534291987 0.009880917322390497 0.009645904564858481 0.010301747988354551 0.10121702134265186 0.10937718565709803 0.09890084946082658 0.10647102330817948 0.09097236275403789 0.01052952402243462 0.010464226058200557 0.010302181174090288 0.010871977135277036 0.010842972756616347 0.1087996292645898 0.09107003918976658 
0.010689703750072319 0.010104083736979904 0.010810182932172379 0.09476729984157384 0.10906108442632115 0.009325169676767869 0.009878571123636434 0.009002779204356794 0.09831405306343605 0.09112263559835998 0.010486878577569834 0.010982383622248513 0.010866495229081372 0.0961044828143846 0.0964159477945261 0.010631290258476908 0.010282620779825502 0.0102721369083604 0.09877882583241121 0.10640992810788114 0.10933175575193893 0.10935359420240841 0.10296447871615509 0.010342181211809803 0.010932189945035331 
0.009402742067841538 0.009971687769564598 0.009472029678331387 0.10289049378655667 0.0922649784808359 0.09441594072344986 0.09101318782735804 0.09223748793585552 0.009596439363597943 0.010808966763390824 0.009804827083687467 0.009073212076465125 0.009402781794715617 0.10863843845472694 0.10369177417836731 0.10040251286333879 0.10181822348551535 0.1057285264353908 0.009902136036938462 0.009759489746573575 0.00928451136743469 0.00980542101968176 0.009051517543783907 0.09466976231999875 0.10829326076209736 
0.009167020706530858 0.009098340902970124 0.01096245571476933 0.09281081925669367 0.09259488728330682 0.009124943021624627 0.010732458310053474 0.010205607247928029 0.10989288107392313 0.09029718132544241 0.010307748717719578 0.00948994032375355 0.01053216691139523 0.1093597371754608 0.09514798690751887 0.009525124285168328 0.009995160265572125 0.009409176110904395 0.09432020060402486 0.10407969023723507 0.10967839287140979 0.10111704763020457 0.09709478846155557 0.00967609309738465 0.010428143590597792 
0.10077573385425072 0.10777407792056759 0.10680033663679543 0.010819778529500886 0.010218695375490607 0.10258122212601123 0.10308558605581285 0.10939635154479943 0.010990877020774672 0.010340162703096656 0.01045985269316451 0.010471453146037698 0.009826841047922466 0.09207999125340788 0.10294617619479368 0.10019876650933737 0.10622358804511062 0.09615913860040397 0.009074742366497166 0.009828446799296238 0.09772983433262122 0.0952052764406812 0.09282938563863671 0.009279059516443006 0.01028065087407258 
0.0971422051918162 0.10183434089436041 0.09256454080109862 0.01070866307584986 0.010903670285449888 0.1042094529832415 0.09724211531940563 0.09102571355557612 0.009778892532140813 0.00907768054274749 0.09926706099527748 0.10498181236999907 0.09246372247158444 0.010284610122442518 0.010665651474486877 0.009637284765550815 0.01076348276579814 0.010187410804779029 0.10674877189421439 0.10900779921419645 0.010050242902234299 0.009530041445798472 0.009543253827578929 0.1016929427463486 0.0980310762551942 
rate 
0.010367004969948017 0.0090520903975871 0.01007350299209558 0.09994424283095699 0.09394443471037953 0.09790587098787211 0.09207220087608192 0.10118692928330658 0.010398212906457174 0.00970811446542907 0.1081132158769256 0.09373722332744344 0.09089656064118153 0.009341523578014396 0.010409867009735466 0.09847584697294393 0.10286135377015089 0.09507771557845059 0.00925137254910256 0.009355719568315614 0.09145144330374727 0.09144724678754519 0.10536349370387521 0.010611919136127168 0.009932639272689519 
0.009092285501900466 0.009380948401330934 0.009013004651768968 0.10824953879741557 0.10138431379209073 0.09519826692825695 0.09741647984334563 0.10428579075505025 0.00906020795918544 0.009463658788415078 0.10187496586971473 0.09780076009128447 0.09929372667131836 0.010946638564623032 0.010663011076131042 0.010673575833194171 0.009413590085195156 0.009518609719767954 0.09499228468759478 0.09485519473247006 0.009686163398638628 0.010976993884838655 0.009232195117040046 0.1037289617643777 0.1007576159206851 
0.009239655744115423 0.00927459907859415 0.010272499644363742 0.09695471589476289 0.10296018628213628 0.09419247035055663 0.09895407973482874 0.09654128343562152 0.010205926965505898 0.010801717560106535 0.0973153421956626 0.10876128857470851 0.09819801603991617 0.010339529234622445 0.010431257870096869 0.09054997126071074 0.0981275544195686 0.09225483155657495 0.010988319460741231 0.010348554213581726 0.10328387550134605 0.09371874452669739 0.0958897872921606 0.009726817077642702 0.009604881537199208 
0.010800691165772851 0.009978810826345297 0.00987171067903888 0.09190325741428747 0.09390735405861324 0.009056823709128105 0.010536690979948254 0.010532908664655137 0.09794709690874562 0.09045995229507728 0.10322376023507025 0.10275487019338665 0.10289293370376323 0.009686913871938539 0.010184714054231528 0.10365411792912638 0.09209763257830865 0.09486895990201681 0.010506807558924374 0.010242835499830514 0.009061252184169534 0.00952725305245941 0.010209766524199224 0.1004289909302289 0.10310484624577042 
0.010175201984811085 0.010172517866804403 0.01070196042633925 0.10543262609931466 0.10056578174416538 0.0916138803173555 0.09123527023476714 0.09638991598815433 0.009835094868815467 0.009842916637743629 0.010082913756221475 0.009496743259249358 0.0103930454142024 0.10642043546628857 0.09133016451062954 0.09385790009404225 0.09838158045515855 0.10396258586343242 0.010357000383592014 0.01002173393351827 0.009520788620872793 0.009143907510433414 0.010775246986477914 0.09448955171585216 0.09544746632246169 
0.00993519255368527 0.010912663998069895 0.009002913976803943 0.0927479647123347 0.10850910187743129 0.009557814494547045 0.010080657681661189 0.00984235896586448 0.10579325144459678 0.10830459307560523 0.009592327020469657 0.010810599945621306 0.010854619350258414 0.09141599175730872 0.10084203894555231 0.010383491574485586 0.01071817569545974 0.010921790322428583 0.1098423245862859 0.09898344304167106 0.10976928238975066 0.09880147276030998 0.09740168426673751 0.010814467743649065 0.009553028880751368 
0.010352390443209587 0.009782362507966205 0.010312139278690034 0.0997702380548961 0.09987867525270641 0.093673105441228 0.09054898184470413 0.1075825859191051 0.010688067803790911 0.00917223081339503 0.009768921880097859 0.009015828775781484 0.010116466797909989 0.10041335488416743 0.10753989535230404 0.09152780559513052 0.10093263228137782 0.1027329852130487 0.009356772718715468 0.009268003495779812 0.010937870655724418 0.010547976828294097 0.010538018933796797 0.1001915772307842 0.10254260677230664 
0.010887384610356739 0.010356099274268716 0.010284166296273123 0.10330212085446178 0.10974222265706364 0.00965281894221773 0.010937451952288393 0.00939287771487904 0.10839585265649139 0.09556695368628029 0.010537625191732883 0.009390368961872573 0.010769104304415156 0.10823059188316891 0.10919668381573225 0.01058565142919615 0.010093823094044798 0.009187236249776689 0.09886755717077739 0.09298637831829283 0.09311687421480307 0.09849646088546253 0.10384719684785354 0.00928112809070088 0.010861443683092371 
0.09154020441415407 0.09667960959524953 0.10270459121374376 0.009970385693340644 0.010340966096846625 0.10662798972219245 0.09628761977199991 0.10834558619957924 0.010941898726439667 0.009276492409526972 0.01048477142805983 0.009531362716310271 0.0108655790836367 0.10467969999727662 0.09298966041385481 0.09988510328323333 0.10895717742391241 0.10648629995374569 0.010059768680916353 0.010952090053787285 0.09702691323840629 0.1048409817338494 0.0909695481484331 0.00951424254877157 0.010583555365836812 
0.10363210682381707 0.10866877591810718 0.09034774036975644 0.010557999612660343 0.01093155650524589 0.09683807282391528 0.09030612370971179 0.0927034188604733 0.010591642477784165 0.00952344734434789 0.1047846911321305 0.10397082415891166 0.10331424655986994 0.00913816641718856 0.009520668483301617 0.010658355682603758 0.009092056182637717 0.009719559735341334 0.1039086521559352 0.10748992878150561 0.010294605160895235 0.010727879865334553 0.009818131849270878 0.10230706445430054 0.10330948795127282 
ability 
0.015236107615781865 0.014046928961087654 0.01516092347048975 0.1518796104299523 0.14687338777406164 
0.013858244431207858 0.013653753560145533 0.014616159396167592 0.154559971287688 0.136101173030856 
0.016121594940381487 0.015615628117649048 0.014010359077925933 0.13882778278808705 0.1642176918465705 
0.01466145084015608 0.014794330679505306 0.013859868066216375 0.16058134786444592 0.1622051780219355 
0.014398532646496185 0.016084571331482892 0.013673248487084776 0.1379348316510167 0.14119503755915916 
0.014641720271435137 0.01591141908656081 0.014630962240249798 0.1514990338305183 0.14441983900144637 
0.013745141825544475 0.015575211344481747 0.014811674482965416 0.15821530209554754 0.13595132937099236 
0.013523439207422291 0.014436550100912465 0.014310746250404325 0.14267394254307 0.13945260323208286 
0.013708957076502515 0.015512774388294752 0.015572489625847886 0.1554469432875342 0.14513282373734052 
0.01489262921332609 0.016320507865014343 0.0141338134065438 0.15414278673794526 0.16122917675584358 
0.015543604960389576 0.01590328262346884 0.014834390992433128 0.1576630365408724 0.14554651152898557 
0.01608500533323358 0.014488386156258918 0.016020883362306632 0.14051957452569686 0.14150789725679677 
0.016176552630914595 0.015683011004116114 0.01401822954290485 0.15586290316017196 0.1510183566976916 
0.014126267680662647 0.014336510326351038 0.015577256591012766 0.16328903264668068 0.16014730278008746 
0.014997033271289468 0.015003283745998533 0.014187173978843306 0.136603871320964 0.1372770054063866 
0.015172847378159202 0.01515118855836159 0.014982673339800625 0.14860101294470995 0.14737281028637647 
0.015761177154564376 0.013912824880208357 0.015451335559550063 0.14116436928039383 0.15606421584125643 
0.01615849628471085 0.014479268199975201 0.01457479584066569 0.13963579127915138 0.15790527852583394 
0.01355724064452716 0.014198826689037922 0.01591587851230347 0.14027146135665378 0.13797762567540592 
0.016177613732124962 0.015737080536599394 0.014880388488660802 0.16066634742903763 0.14486320539620895 
0.14627309107621847 0.16355688654420011 0.14280393201490446 0.014060705809150989 0.013803722771249697 
0.16171583158756017 0.14983136507091088 0.13798041636146052 0.014626227038186031 0.015699510609510827 
0.16468903979183944 0.15276142647710697 0.13507593832119583 0.01551261079240032 0.016296184586016272 
0.1421959421469723 0.13805123013980825 0.13990292468730514 0.014733834271145493 0.01391328012362421 
0.14949321393217346 0.1500755532180424 0.15138908740225787 0.013996937293517623 0.015663553538830997 
0.1390391105942059 0.14154654001945557 0.15573718658398203 0.014182180838087853 0.016379061393187268 
0.14040493204853055 0.16054311149801054 0.1490175163979899 0.01568091570048738 0.015179731450813519 
0.153443947355697 0.14344466038051054 0.14809430494429268 0.014644969553181708 0.014877566000285548 
0.1634377127191148 0.151165940899853 0.14832859668276777 0.01570247286038565 0.015682528011014624 
0.13653386410099694 0.1504495372556112 0.14092016408785263 0.014806579882150873 0.015343520903952957 
0.15382601127874634 0.15004312178350296 0.1490254466319005 0.01353470260620469 0.015649539755241814 
0.1435263024480456 0.14147208460065014 0.13709918053765544 0.015983298179469273 0.015191857478100982 
0.15839659250078142 0.13690422511220696 0.14819788384203134 0.01439459166866718 0.014666672601742547 
0.15485719501250172 0.14531966796984858 0.16179028852425523 0.016242959176505364 0.015345367329981093 
0.14127177892122647 0.14296222045945353 0.13992531764029664 0.015263431045111674 0.014272110960799125 
0.16414035722426126 0.14561886678402328 0.13711107759014396 0.016296989541735793 0.01365936636259961 
0.1579679064764328 0.14486391334898796 0.14948126094086145 0.01640096447689726 0.014324962087388385 
0.13717943117040088 0.15518709407395403 0.1635361149321157 0.015846046987938487 0.014018218083376836 
0.1604909975303018 0.14069780850231872 0.14610946033134153 0.015730035749516386 0.014196068115615466 
0.14249311075216223 0.15059020697632025 0.1400090191485029 0.013694347990397539 0.013891366884610875 
0.1498472366825224 0.13888852211267358 0.15860141412715956 0.014266807443732493 0.015572362335190668 
0.14254682754211195 0.14293523333150165 0.15256210331171222 0.015866803133858513 0.01539540828685889 
0.1646304736604518 0.16308883122972537 0.15370393388181758 0.015142645478163522 0.016191720953541617 
0.14170135447447982 0.15513499346710216 0.1444067438713528 0.015426017970141847 0.013653746899968547 
0.14001566675940882 0.13626632906239772 0.1372046474445794 0.014963694377556553 0.016108286288549458 
0.15816629962885573 0.13806742881418557 0.1612473523241578 0.015292991352775427 0.014378648722746577 
0.1618690877867927 0.14684727333796313 0.16144111534225028 0.016253522014189222 0.015364852934408984 
0.16137991984060818 0.1380214853723776 0.14371696628268077 0.016129913730133408 0.01624209197676129 
0.15602686320229328 0.13644336378628835 0.15047502471593652 0.014957013284221447 0.01590552952961953 
0.14261762220221402 0.14134888165276216 0.1562717903262452 0.014377183542470017 0.015191475962704695 
0.1536987596629157 0.13648077423639055 0.13720523504175364 0.013976926603295498 0.016169621271790256 
0.13583474993535166 0.15932656734715314 0.14838888265688555 0.015161318683253438 0.01489027346195919 
0.15775686550938903 0.15244807948350428 0.1543936682869467 0.015001675929209037 0.013948750293331345 
0.14005197772331815 0.1563838390812234 0.15128356971744472 0.014684607445318932 0.01605759919392648 
0.16118854380461575 0.14982792788021707 0.14971253430523246 0.016186108019828633 0.013893635937522894 
0.15843798480465146 0.1520816737462361 0.1415822779693777 0.014624927215010245 0.01531503888962107 
0.14931420422208108 0.154605488711594 0.13768858378128368 0.015009506222531561 0.01528122344616395 
0.15041238777468346 0.1414688374797681 0.14813525256859103 0.013708247805582678 0.014673798970467309 
0.1584504121096875 0.16468171914123314 0.14480844658413292 0.01576254857884129 0.013741519323047319 
0.15955367593042305 0.15258199630364166 0.15585125524845225 0.015384764176405085 0.014882401642799917 
0.16108556708366717 0.1602176126572593 0.14488897048049323 0.016233176586695316 0.015886704122759228 
0.16305371321694903 0.16109622111158325 0.16439427872493437 0.016114443423222383 0.014630393156352872 
0.1604982109604026 0.13697597333491227 0.1514249905635178 0.01494694555009954 0.014509195671918437 
0.16107232351919656 0.14398091194409715 0.15657887584817903 0.01619352836121134 0.015205766602875277 
0.15229534173806067 0.1607500336365194 0.16181116957485894 0.016268173410286833 0.015619671390371893 
0.13922903722659832 0.1605068680567042 0.15488777941626014 0.013991186055115236 0.01622067502814766 
0.1393029080792137 0.1397053569611524 0.1421258988824989 0.015550008773523567 0.01648832862237555 
0.15089784128940426 0.1576579550236083 0.14638666878010345 0.014287224005453973 0.01647157880765215 
0.15042311618609247 0.1593062666920116 0.14458321575095048 0.015285583478569792 0.01422988770105956 
0.15499982325423206 0.1594726796346066 0.14437055097164125 0.015576732849091075 0.016201873914517585 
0.13562690780327832 0.15699194226771226 0.13666032106677914 0.014431019262958937 0.015884336239767524 
0.1410847943443688 0.1585395973100471 0.14241799827329635 0.014588573815304384 0.013887351568930622 
0.1434496916111598 0.16062310716499353 0.15688614751648097 0.013979106509602683 0.014429784427195103 
0.149581833834449 0.15153896988130794 0.14357871321028245 0.014984400290720028 0.015139872625279027 
0.1354376681434921 0.1427290540706572 0.13953379737017868 0.015475150312897892 0.015884183781917485 
0.1490669213823492 0.15894783262991732 0.1471744438180813 0.01643082640332695 0.016054763049235816 
0.15449752517286844 0.1467726725619338 0.16153280201460687 0.01566475834201305 0.0161030456137559 
0.1460187421762105 0.1400878896725852 0.15741725329543865 0.014020013673167383 0.015832066206235212 
0.1396297958065437 0.1539598922532225 0.1628424468838535 0.015545822007883354 0.0159632179401069 
0.15800169274365075 0.14216805122926157 0.1450054557635094 0.01461154617649013 0.014784314429578694 
0.13633362298402005 0.15980256208575183 0.13826336661747854 0.01583675733812259 0.014783363214867751 
0.13571485035028802 0.15063938709915156 0.1364501603138627 0.013696674460624367 0.01582496817707581 
0.14038708693939264 0.15740649721216182 0.16254635348152197 0.015112525634564103 0.014125002405055324 
0.15639851443427033 0.16056357378674538 0.1577087685296343 0.015499308868624335 0.015948147649256342 
0.15967212926721008 0.161152149844742 0.15943695552045095 0.014774166997728797 0.014344340154103309 
0.13697418551160534 0.14911071379721663 0.1640687105940727 0.015247103711437606 0.016220199304522013 
0.16291040044213909 0.14816422712934352 0.15915775109275293 0.0145201161317649 0.01376198836417883 
0.1611557100088131 0.15276540962088098 0.14234777259316064 0.014909831239608309 0.013590006486951802 
0.1582315711696039 0.14707641586423512 0.1550763770722089 0.0145429894703433 0.014555100807829135 
0.14738996669470036 0.14472794491826194 0.15408615580140175 0.016369797267119356 0.01623350529084414 
0.1576763397592805 0.15299436508558853 0.13887248581330205 0.013525845896424004 0.01407942147850948 
0.15699196525241232 0.13602022183887358 0.160571038665317 0.01595338498087357 0.014200393839574289 
0.16294559790717963 0.14445008028411518 0.1546682536730041 0.014580060404508703 0.015441908254892053 
0.14911772542160237 0.1434741666618388 0.15438243365687468 0.016079799742612956 0.016058303156910394 
0.1536330062922807 0.1396438595343525 0.14917345275605018 0.01501192504462619 0.014911271449758848 
0.13515179570633332 0.15143025031410617 0.16077927678998244 0.014259182401434494 0.015712517967541067 
0.14405594609562603 0.15907872418644384 0.13818646193031275 0.016120682684319317 0.01615461588596161 
0.1410931402912564 0.15924338300339738 0.15994317413242407 0.016254049098026305 0.014786245033557844 
0.14737002191491436 0.13809818344623015 0.14228046863808536 0.015835193973112466 0.014696968008687706 
0.15630287330375003 0.16149819074347402 0.14528283241468115 0.014747828124934213 0.015506919856549027 
