file_name
position_num 5
robot_num 50
position_x
-23.39257168129723 -24.618171008459132 -20.957978577010575 -21.773655708798184 29.8794434430584 
position_y
-16.306998754268925 25.8602729548088 28.32124258521818 22.685492690179636 15.247388923199125 
distance
0.0 28.515445257550464 35.70445435935064 35.232508392182496 31.44397655388824 33.544955052022665 
28.515445257550464 0.0 42.18507908132835 44.694598875467555 39.02608458417789 61.91596706108629 
35.70445435935064 42.18507908132835 0.0 4.410598616631373 4.262686596347899 55.521376859500236 
35.232508392182496 44.694598875467555 4.410598616631373 0.0 5.694471534984455 52.49161006506166 
31.44397655388824 39.02608458417789 4.262686596347899 5.694471534984455 0.0 52.18589885821549 
33.544955052022665 61.91596706108629 55.521376859500236 52.49161006506166 52.18589885821549 0.0 
lay
0 1 2 
3 
4 
0 1 
2 3 4 
0 1 2 3 
4 
0 
1 2 3 4 
0 
1 2 
3 4 
edge
1 3 3 4 
0 3 0 2 0 4 
1 4 0 4 
0 3 0 1 0 2 0 4 
0 2 2 3 1 3 1 4 
demand 
0.09388394473164927 0.10822830511239223 0.09884709886269566 0.01091899204963652 0.009748620210750712 0.009013071260129122 0.009025083582432208 0.010193979003226456 0.10418298491531869 0.10142451640884512 0.010416772789423386 0.009704005889380727 0.010096993429884705 0.0988363629222949 0.10660875152357263 0.010015319391221805 0.009512070345263189 0.009273201668333007 0.09390026379248552 0.09432246298776926 0.010449589010506119 0.009226812584764694 0.009396662008536314 0.10096489107614022 0.10771933133487284 
0.010771018794368337 0.009589695962415695 0.009842846129244034 0.10460961967968181 0.09364905669474555 0.09997704153587157 0.09817294383019586 0.10525745984749897 0.009076861014178492 0.00923344976760259 0.10465486958600088 0.1005533391325634 0.10912077138565633 0.009976300745635009 0.010043687782277154 0.09517811663047865 0.09202068398105974 0.10393115490081622 0.009966528029101364 0.009258993457955963 0.010810045087397809 0.0091124149947668 0.01035495511976257 0.09995182824656562 0.10620538264229513 
0.09648545950725662 0.10037436221121863 0.09139350145964283 0.010728089940341077 0.00918195283572211 0.09375403100786625 0.09839414238569871 0.10741400932913348 0.010228074433650492 0.010377762764940594 0.09783568715757163 0.10123655440130863 0.10031840926889864 0.01089374469610053 0.010441336321014703 0.010289262032565083 0.009937684960569616 0.009302007272570245 0.1029612473207584 0.10384680233533768 0.009280572263377427 0.010863332923968062 0.00937927969266986 0.09033845490298556 0.09421603604864202 
0.010330785504571598 0.01023646518894814 0.010126574352629125 0.10478571652623865 0.09221534132292045 0.009638192138550257 0.009632336510940455 0.009786542382718073 0.10775777909671541 0.10416210257238714 0.10610016827315061 0.09813146202977002 0.09163660661565594 0.010623654379850156 0.009524690371878053 0.10748985134853246 0.09509945564180666 0.0998241307612821 0.010292375218370786 0.009294508970431036 0.009103991294550494 0.009085809309776201 0.010967339362997982 0.0915190169564339 0.10666359382772712 
0.010586308844162888 0.009768318560380377 0.010983295460090706 0.10796898091060786 0.10075716190074471 0.10207871883670572 0.10349266604417179 0.10441335910748842 0.009032811116887194 0.009326217137108841 0.0987936531801317 0.0969060927280034 0.0947215376294642 0.010588892221532387 0.009923059032372807 0.10048542816581629 0.10313723389249543 0.09701445895264355 0.010583780490320879 0.009884946464207865 0.009644358089887207 0.009276907383584419 0.010381289984234588 0.09709274172102628 0.0947514661783338 
rate 
0.10085896774405088 0.10342756313764544 0.09145866884628934 0.009749834308769021 0.010789075466150528 0.010102842970772937 0.010256350408874062 0.00931106809190681 0.10807035531896905 0.09862205345011783 0.009373812806193739 0.010004173625358865 0.009397017552395597 0.09817404314969394 0.09093551470716149 0.010070744676012123 0.009353576803187394 0.009071152791582196 0.09221575881262883 0.10663300154007227 0.009050186039974097 0.010359181929165817 0.010751309928546176 0.10212801968772905 0.09364846934711894 
0.010896941061143903 0.01029820051270505 0.010525228810910947 0.09106566661099533 0.10948773350428487 0.09312751299041537 0.10341891555786342 0.09725690742211077 0.009051817726930764 0.009369869871056069 0.10073845144714029 0.09700882270261653 0.10736747307724225 0.010021125518894003 0.010519258496670162 0.10167508694096666 0.09547710614018114 0.09852367831297247 0.010277866513179053 0.010927058119641057 0.009511408976079156 0.010726586461613386 0.010593411421693993 0.09707145558435626 0.10510005231652751 
0.09400402289383952 0.1065418479549851 0.09623834745184887 0.010794840814211386 0.010436444790045669 0.09949891095923634 0.09144290083264656 0.10394818416710774 0.009008797015910383 0.010181493327851055 0.09555797745299244 0.10773404350378886 0.10966411075446679 0.009114696801954196 0.009123820259900077 0.009141761132225744 0.010165262619538986 0.010850652453518624 0.10671603614991841 0.09118844878473938 0.00963667947504587 0.010560483413758271 0.009352046889065158 0.1075976557920104 0.10711929057385224 
0.009343769401675263 0.01001435809791425 0.009502886873107599 0.09612592113996363 0.10429807149036104 0.009774837062184568 0.010329414484235576 0.009837857022426393 0.10183649699023352 0.09908755114774903 0.10397116636254507 0.09800363269368124 0.099059294018814 0.00980149729951865 0.009906704221102895 0.09700239434534409 0.09465689420521017 0.10600458427192186 0.010809153774812593 0.009686529752915654 0.009713083988454147 0.010451100276337786 0.009481768119901108 0.09432421129653401 0.10411117549167462 
0.009520740198220612 0.010419710735787251 0.010851594068733742 0.0985807630372112 0.10235200561342879 0.09371598973946198 0.09683057255882058 0.09606602864771353 0.009137262854033955 0.009743304516557626 0.10482417172207269 0.10077501840855099 0.09586841424606748 0.010897816275595263 0.010709069437046454 0.09850868679638125 0.09117569664648392 0.10901441570592219 0.01022468560551316 0.00975477555812386 0.009246539366711574 0.010669199179508591 0.010714271561283573 0.10305736349391895 0.09592005247336868 
ability 
0.014253761588703716 0.013537405687758748 0.014348718067006948 0.14022045085258011 0.14205272880701775 
0.015728346707258214 0.014678966350027706 0.01393164349545095 0.1442684295956659 0.136516931919977 
0.014894094811982483 0.013976069529494284 0.013963838539862924 0.14909405232858605 0.13903937537925298 
0.015531005711937353 0.015793211418073137 0.014425210267393003 0.14938028822892968 0.16489104065296947 
0.015081656476890009 0.016178242432132617 0.015117884346837196 0.16435105628928975 0.15302090160967857 
0.01467445844786007 0.015896139100574965 0.015673283044433144 0.15354921157594123 0.15187929791686886 
0.01543254202401052 0.01635060916990892 0.01628846541921728 0.1359362078248465 0.14065770443046616 
0.015807481200164383 0.016108787208100987 0.015746516471267406 0.15763043273682079 0.13847657221376414 
0.015682219405772403 0.014555740408282072 0.013601486709580312 0.15610091872056459 0.13994455421106428 
0.013811840253181034 0.016336833945722384 0.013722761859140396 0.14410429412698528 0.14853024811219792 
0.1446690567680531 0.16499769873777756 0.15466734403811783 0.016278234533633647 0.01569004069611337 
0.1569286055119761 0.14710791811489518 0.15903250589160908 0.014828777102890078 0.015785962042805274 
0.14751141059965475 0.1501982493346536 0.1496495252699453 0.014633144414736773 0.016231138230150252 
0.15457679204452532 0.13975441814358958 0.1374716843582366 0.014948278060769545 0.015784492019949994 
0.1619066429432272 0.15884766447957543 0.1491709440262067 0.013812469246675368 0.016342134573884108 
0.1378729777050138 0.15978789925872788 0.1626910724611647 0.013653001547371663 0.0152459591511285 
0.14738781221844802 0.14569997852161734 0.13950655755471725 0.013794543436520031 0.01358492859480028 
0.1370173092579347 0.14937074700194206 0.14277874316757228 0.01392762451506888 0.013526094917038982 
0.16373174296047063 0.16492873904415548 0.13960815766595916 0.014431553139516572 0.01567096051712823 
0.1421042765232793 0.16227312754445514 0.14784450902668717 0.013603795818820581 0.013513933521969071 
0.1369598925658427 0.14120130487629226 0.1553597605232266 0.014946824667609371 0.01493045660057342 
0.1434668496549432 0.13860639495604882 0.13766621941035162 0.016440650674898024 0.015531145266995033 
0.15997435782764544 0.14511469301061117 0.154162151439211 0.01626094497953591 0.013774931344457494 
0.14261269304687374 0.15869167426732758 0.16368229873704093 0.014694056258591574 0.01626122389661816 
0.14024707470261452 0.14446310422250633 0.1373257802509172 0.013529571861775844 0.016040482371516732 
0.14548423361680154 0.13999507928449725 0.1545399849324869 0.01555822078723402 0.01619456036831657 
0.15855295033087102 0.1454435751240038 0.13781231155086907 0.013801021215114194 0.0157875342310711 
0.1620466388250804 0.15893463448390174 0.14233950075727042 0.0142166204354044 0.014671998922823361 
0.1487749372057697 0.14367204277299958 0.1602089193775897 0.015135800282249926 0.014657695284819042 
0.1644352442092831 0.14667520394498956 0.15266797298885512 0.014115280633204278 0.0138721013225323 
0.14684667889785424 0.1400177429756078 0.16286438917447485 0.014155252782091605 0.015857360190424982 
0.14837922259434128 0.14995917696446864 0.1632622366682784 0.014493618932086175 0.015431237663472867 
0.16212851969661551 0.14706668186094715 0.1481523818477553 0.015963417489416713 0.015703186415862345 
0.14998293453209438 0.15693035526628984 0.1431964821548239 0.015670859261010712 0.01444716918783546 
0.1393380638839749 0.1646923739303636 0.151310585696533 0.015393492901112788 0.014191381833268034 
0.1637497434365008 0.13618061918202512 0.13852298591442166 0.014182376434000669 0.014080960629669143 
0.1380174234388034 0.16180726873259774 0.14729773911212196 0.01430820337748957 0.015731076964202624 
0.1512610184919346 0.13597305759108264 0.1391035881478257 0.015111220725455737 0.014954462751988182 
0.15762995552681716 0.1565201906698774 0.13746013059573162 0.013564895253807198 0.01637037889634043 
0.14452560361370564 0.1420229693304121 0.1458105116514082 0.01409699058290303 0.014177595784762263 
0.15679531641335126 0.1439948984534977 0.16335048161791108 0.0153937483215262 0.015164760790385038 
0.15069341366094113 0.1546862193993041 0.1400441655180652 0.01461200367338402 0.014871669227442852 
0.16224468484401824 0.15205317825884967 0.14399971789677732 0.015834099960957207 0.013652830955672591 
0.1533944712318029 0.1458796818217472 0.13842451927896066 0.015787253355726578 0.013874957068954433 
0.15708822165439765 0.1597523653628957 0.1449184178531108 0.01591957631265276 0.01582967915635316 
0.14761851508797588 0.15738793605638163 0.13618255605567162 0.01471924798506219 0.016301855457543906 
0.15889037769065834 0.13561336448441633 0.15035349797580144 0.016486087838483328 0.015096509305547894 
0.145128028175462 0.1603106254913734 0.13919219756163517 0.016261821455872037 0.016091390080959233 
0.14982968640370814 0.1495842018706603 0.1586546963808466 0.013968939234337657 0.01460368473649917 
0.1441610006428148 0.13986398438870445 0.15451425905239743 0.014459246196600833 0.015462795714117145 
